-0.06137
-0.249
-7.88E-01
-1.62E+00
-2.66E+00
-3.82E+00
-5.03E+00
-6.21E+00
-7.34E+00
-8.41E+00
-9.40E+00
-1.03E+01
-1.13E+01
-1.22E+01
-1.31E+01
-1.40E+01
-1.48E+01
-1.57E+01
-1.65E+01
-1.73E+01
-1.80E+01
-1.87E+01
-1.93E+01
-1.99E+01
-2.04E+01
-2.10E+01
-2.15E+01
-2.21E+01
-2.26E+01
-2.32E+01
-2.36E+01
-2.40E+01
-2.42E+01
-2.42E+01
-2.39E+01
-2.33E+01
-2.24E+01
-2.10E+01
-1.92E+01
-1.71E+01
-1.46E+01
-1.18E+01
-8.92E+00
-5.98E+00
-3.13E+00
-4.77E-01
1.88E+00
3.82E+00
5.19E+00
5.89E+00
6.06E+00
5.97E+00
5.91E+00
6.04E+00
6.38E+00
6.92E+00
7.59E+00
8.36E+00
9.22E+00
1.02E+01
1.12E+01
1.23E+01
1.33E+01
1.38E+01
1.36E+01
1.25E+01
1.08E+01
8.59E+00
6.09E+00
3.45E+00
6.74E-01
-2.31E+00
-5.62E+00
-9.44E+00
-1.39E+01
-1.86E+01
-2.29E+01
-2.63E+01
-2.83E+01
-2.88E+01
-2.81E+01
-2.60E+01
-2.25E+01
-1.80E+01
-1.28E+01
-7.44E+00
-2.46E+00
1.74E+00
4.87E+00
6.74E+00
7.12E+00
5.99E+00
3.77E+00
1.28E+00
-5.98E-01
-1.22E+00
-2.67E-01
2.33E+00
6.35E+00
1.13E+01
1.62E+01
2.04E+01
2.32E+01
2.44E+01
2.38E+01
2.17E+01
1.84E+01
1.45E+01
1.04E+01
6.41E+00
2.20E+00
-2.55E+00
-7.85E+00
-1.34E+01
-1.91E+01
-2.54E+01
-3.30E+01
-4.23E+01
-5.32E+01
-6.51E+01
-7.72E+01
-88.08112
-96.38511
-100.95829
-101.12606
-96.83607
-88.86205
-78.77567
-68.49442
-59.47592
-52.23743
-46.24914
-40.23808
-32.76234
-22.94986
-1.09E+01
2.42E+00
1.61E+01
2.99E+01
4.43E+01
6.03E+01
7.88E+01
99.76482
121.96948
143.28334
161.57714
175.34583
184.01655
188.06475
188.8927
188.42344
188.46046
190.08555
193.6051
198.90559
205.64587
213.06422
219.89672
224.45766
224.83323
219.28889
206.90774
187.96855
163.82554
136.57119
108.70528
82.63849
60.24534
4.27E+01
3.06E+01
2.35E+01
2.01E+01
1.80E+01
1.48E+01
9.13E+00
6.19E-01
-9.79E+00
-20.55362
-30.41002
-38.91835
-46.4662
-53.85942
-61.73137
-70.00885
-77.73602
-83.41343
-85.54769
-8.34E+01
-7.76E+01
-7.00E+01
-6.30E+01
-5.87E+01
-5.77E+01
-5.94E+01
-6.23E+01
-6.42E+01
-6.32E+01
-5.79E+01
-4.77E+01
-3.27E+01
-1.34E+01
9.43E+00
3.46E+01
6.01E+01
8.35E+01
1.02E+02
1.15E+02
1.19E+02
1.17E+02
108.85728
98.31878
89.05722
84.58577
87.40596
98.56453
117.48106
142.09177
169.41296
196.30429
220.10737
238.91778
251.61571
257.85369
258.11079
253.48971
245.34657
235.00838
223.65686
212.25979
201.62695
192.53205
185.68827
181.40006
179.17491
177.88972
176.5304
174.73445
172.66243
170.65243
168.99381
167.69113
166.09894
162.85083
156.25371
144.84702
127.83335
105.28981
78.08245
4.75E+01
1.47E+01
-1.97E+01
-5.56E+01
-9.31E+01
-1.32E+02
-1.70E+02
-206.06511
-236.04017
-257.42505
-268.59855
-269.56559
-261.92508
-248.31645
-231.47229
-213.36812
-195.28311
-178.60903
-165.42838
-158.33852
-159.77316
-171.32683
-192.96758
-222.34611
-254.9137
-285.13739
-307.88313
-319.2134
-316.86181
-300.56572
-271.97421
-233.93682
-189.49645
-141.12008
-9.06E+01
-3.92E+01
1.15E+01
5.99E+01
1.04E+02
1.43E+02
175.34644
199.75957
216.58994
226.32501
229.60045
226.85499
218.27735
204.25965
185.92407
165.25906
144.86852
127.44629
115.21692
109.48461
110.53327
117.87795
130.73745
148.35699
169.936
194.2836
219.48204
242.7516
260.78259
270.45319
269.49302
256.71574
231.95588
195.96017
1.50E+02
9.75E+01
4.07E+01
-1.69E+01
-7.20E+01
-1.23E+02
-1.68E+02
-2.09E+02
-2.44E+02
-2.74E+02
-297.85714
-314.20069
-322.72922
-323.45866
-316.99798
-304.6338
-288.19597
-269.71309
-251.31761
-235.3235
-224.16364
-219.97152
-224.21194
-237.44501
-259.10377
-287.23996
-318.54458
-348.78381
-373.57058
-388.99315
-391.93458
-380.20011
-352.8009
-310.07698
-253.57017
-185.79604
-1.10E+02
-3.06E+01
4.85E+01
1.23E+02
189.39018
245.67574
290.34248
322.68707
343.03696
353.01426
355.21438
352.61466
348.30853
345.30609
346.23034
353.18258
367.69572
390.39625
420.50132
455.83304
493.36406
529.84161
562.28026
588.41888
606.9694
617.56467
620.37331
615.57184
602.85804
581.2897
549.48541
506.1556
450.87741
384.68358
310.11967
230.91282
151.4642
76.27654
9.30751
-46.58099
-90.06688
-1.22E+02
-1.43E+02
-157.37876
-167.32398
-175.37887
-183.53309
-193.54532
-207.05234
-225.40512
-249.34386
-278.68387
-312.15941
-347.56953
-382.17038
-413.03532
-437.38317
-452.97411
-458.3726
-452.77194
-435.64487
-406.80109
-366.79192
-317.13302
-260.12345
-198.39506
-134.37999
-69.77771
-5.15E+00
6.02E+01
127.52914
198.11284
272.35687
349.50091
427.18841
501.55256
568.06026
622.63057
662.62633
687.53318
699.19722
701.27073
698.19042
693.92627
690.96866
689.94999
690.18885
690.58776
690.19929
688.57995
686.06406
683.54617
681.82364
681.05444
680.45421
678.0319
670.69023
654.95732
628.02118
588.58081
536.95966
474.48405
402.74155
323.1816
237.20732
146.85015
55.36332
-3.32E+01
-1.15E+02
-1.86E+02
-244.86401
-289.78157
-321.68077
-342.64757
-355.28421
-362.17141
-365.49565
-366.74855
-366.7586
-366.06466
-365.25064
-365.24679
-367.62572
-374.49314
-387.81413
-408.65288
-436.61791
-469.57483
-503.72678
-534.35251
-556.74798
-566.86664
-561.7032
-539.76631
-501.45869
-448.93776
-385.70432
-315.91783
-243.62613
-172.14092
-103.82246
-40.07609
18.55995
7.23E+01
1.22E+02
1.67E+02
2.10E+02
250.39997
287.83295
322.53531
355.19272
387.66961
422.93712
464.28033
514.0212
572.54278
638.13914
707.67251
777.53459
844.43212
905.56052
958.40076
1000.58557
1030.22895
1046.16019
1047.85653
1035.55453
1010.61321
975.19366
931.07835
878.83177
818.22549
749.31678
673.18223
591.77522
507.13541
420.7883
333.88153
247.78221
164.17013
84.4276
8.75858
-6.43E+01
-137.76157
-215.31319
-300.04183
-393.16594
-493.06953
-595.19883
-693.31262
-781.13089
-853.48295
-907.04221
-941.21433
-958.19167
-961.74263
-955.72386
-943.32855
-926.78448
-907.06115
-883.9921
-856.77609
-824.57062
-786.82352
-743.66909
-696.14353
-646.05915
-595.49189
-545.93972
-497.52582
-448.89564
-398.00998
-343.10454
-283.22237
-2.18E+02
-1.48E+02
-73.8478
2.71204
79.39096
154.1034
225.52834
293.27009
357.5088
418.2896
474.9652
526.18234
569.96466
603.68517
624.35
630.02281
621.49983
602.08035
575.71351
545.98172
516.92446
493.2741
478.82175
474.50261
478.47286
487.99325
501.14798
517.17679
535.70771
555.72512
574.44459
587.05766
588.02755
572.94222
539.35552
486.93521
417.60507
335.19606
244.21714
148.5129
50.73273
-47.39998
-1.45E+02
-2.39E+02
-330.31492
-415.27943
-491.17102
-554.06796
-600.4209
-628.17161
-637.31852
-630.25653
-612.15946
-590.50561
-573.5663
-568.42108
-579.7337
-609.33056
-656.25768
-716.99337
-786.10882
-857.49505
-925.61445
-986.17827
-1036.2122
-1074.0522
-1099.0793
-1110.8498
-1107.7386
-1086.4387
-1042.9665
-974.32057
-879.4889
-760.06796
-620.63592
-468.27717
-311.11098
-156.66732
-10.8678
122.14576
239.4213
338.45914
4.17E+02
474.12317
509.58363
525.23229
524.78652
513.8429
498.49764
483.20247
469.78648
458.36045
448.55995
439.8098
431.48531
423.54305
416.68369
411.48717
407.27077
401.57366
390.44752
369.10912
332.51761
275.9981
1.96E+02
92.18655
-34.92439
-182.30003
-346.67066
-525.21774
-716.26856
-919.53118
-1135.2504
-1362.8078
-1599.7382
-1841.1904
-2079.8898
-2307.3769
-2516.1427
-2700.5801
-2855.2414
-2972.492
-3042.2324
-3054.4728
-3002.8707
-2887.9682
-2718.8745
-2512.8019
-2291.8804
-2078.67
-1892.743
-1748.5724
-1653.4571
-1606.7576
-1601.6602
-1627.8404
-1673.4027
-1726.7086
-1777.9605
-1819.5801
-1845.5253
-1850.6161
-1830.5625
-1782.5167
-1705.8696
-1602.4212
-1475.3139
-1327.4459
-1160.8866
-977.5843
-780.45304
-573.7601
-363.07025
-155.30702
41.11125
217.19615
364.8632
477.84285
551.69786
584.03322
575.19078
528.32502
448.63723
3.43E+02
220.03113
92.12848
-26.10508
-118.69408
-169.80447
-165.21725
-94.72954
44.96369
248.54508
502.48689
786.58851
1075.64224
1341.79919
1558.3923
1704.06988
1766.01051
1741.46931
1637.13902
1466.54332
1246.33826
992.25779
715.94215
423.93213
118.84114
-198.40267
-526.53844
-862.95431
-1.20E+03
-1542.6189
-1873.9206
-2191.2771
-2489.9161
-2767.4802
-3025.0856
-3267.191
-3499.891
-3728.262
-3953.365
-4169.782
-4365.804
-4527.806
-4647.099
-4724.686
-4769.921
-4795.052
-4809.878
-4818.327
-4816.895
-4795.124
-4737.804
-4628.113
-4451.02
-4196.647
-3863.041
-3457.034
-2992.895
-2489.7944
-1968.9567
-1450.3686
-949.47687
-474.83765
-27.69225
396.25307
804.34577
1204.66418
1603.5873
2003.49558
2402.03384
2792.78309
3166.55944
3512.84372
3821.12393
4082.34997
4290.39942
4442.44246
4538.31597
4580.06015
4571.80703
4519.63791
4431.046
4314.34907
4178.56771
4033.84352
3890.96472
3759.62507
3646.47635
3554.05295
3480.77211
3421.56972
3368.71072
3313.48755
3249.15774
3172.89494
3085.7926
2992.09331
2898.74831
2814.52246
2748.40008
2707.61052
2695.79221
2711.99224
2750.53077
2801.53737
2852.26087
2889.63273
2903.7274
2890.49027
2852.30824
2796.71602
2734.66694
2678.743
2641.00405
2630.88248
2653.67462
2709.92543
2795.83411
2904.54452
3027.6254
3156.34031
3282.63558
3399.71691
3502.09747
3585.45521
3646.88402
3685.55563
3702.78527
3700.04265
3675.44085
3620.73811
3521.18635
3360.53867
3129.38618
2830.38494
2475.73741
2080.93334
1659.92172
1222.8734
775.55289
319.61844
-146.13123
-624.13548
-1116.2218
-1622.0462
-2139.2396
-2665.3079
-3199.709
-3744.075
-4301.329
-4874.583
-5465.862
-6074.075
-6692.107
-7302.81
-7876.739
-8377.069
-8772.475
-9048.071
-9205.659
-9256.071
-9211.879
-9084.047
-8880.863
-8607.342
-8264.684
-7850.578
-7360.708
-6790.741
-6137.927
-5401.985
-4585.628
-3694.948
-2740.405
-1738.0739
-709.69658
319.70523
1325.78913
2289.75029
3202.25177
4064.02529
4882.37226
5666.12957
6421.03521
7146.78991
7836.76546
8479.3259
9059.55136
9562.07716
9974.5309
10288.56
10498.4229
10599.8938
10590.0725
10467.0123
10229.8408
9880.20233
9423.77618
8870.31033
8231.77429
7519.75533
6743.60509
5909.85955
5022.30821
4082.68078
3091.79644
2050.6744
961.64706
-170.22848
-1336.1483
-2523.1978
-3714.24
-4888.102
-6021.118
-7089.597
-8071.842
-8949.936
-9711.752
-10352.269
-10873.165
-11281.87
-11590.348
-11812.687
-11961.941
-12047.791
-12075.366
-12044.28
-11948.201
-11776.039
-11514.885
-11153.399
-10684.377
-10106.125
-9422.889
-8644.238
-7783.349
-6854.593
-5871.473
-4845.485
-3785.931
-2700.0913
-1593.7268
-4.72E+02
658.77443
1791.06023
2914.95713
4018.58321
5088.18796
6108.69444
7064.37926
7939.67322
8720.50848
9395.90976
9958.97791
10407.5155
10744.0511
10975.2096
11110.4595
11161.207
11139.8151
11058.5532
10928.4542
10758.1497
10552.6342
10312.4843
10033.9547
9709.7502
9329.85307
8882.46403
8355.77604
7740.30095
7031.03482
6229.26802
5343.84321
4391.05554
3392.92852
2374.39351
1359.86858
370.05517
-580.16966
-1482.3811
-2334.0042
-3136.5084
-3892.874
-4605.181
-5273.149
-5893.764
-6461.622
-6969.838
-7411.511
-7781.462
-8077.68
-8301.882
-8458.803
-8554.83
-8596.751
-8590.795
-8541.831
-8452.816
-8324.591
-8155.826
-7943.108
-7681.086
-7362.636
-6979.289
-6522.273
-5984.273
-5361.516
-4655.598
-3874.276
-3030.7716
-2142.2434
-1227.9264
-307.00918
603.44421
1489.64176
2341.26266
3151.30635
3915.8883
4633.58052
5304.5907
5930.2258
6512.51068
7053.41971
7553.97056
8013.49821
8429.29009
8796.61883
9109.37243
9361.09085
9546.08604
9660.52675
9703.24065
9675.75466
9581.59524
9425.50624
9212.67549
8947.4575
8631.86225
8264.9468
7843.34137
7362.14039
6815.74141
6199.04492
5509.06746
4746.29044
3915.04253
3023.13321
2081.36497
1103.06023
103.53271
-900.7192
-1892.8445
-2856.4702
-3776.753
-4641.667
-5442.627
-6174.043
-6832.541
-7416.71
-7927.14
-8365.796
-8734.99
-9037.025
-9274.297
-9448.93
-9562.022
-9613.314
-9601.388
-9524.011
-9378.461
-9162.016
-8872.659
-8509.665
-8073.781
-7567.093
-6992.806
-6354.961
-5658.237
-4908.073
-4110.748
-3273.326
-2403.4971
-1509.9255
-602.66108
306.95132
1206.78703
2084.3656
2927.14579
3722.72683
4458.97764
5124.40822
5709.07119
6205.74771
6610.98852
6925.70111
7155.26754
7309.24967
7400.29152
7442.18081
7447.41615
7425.17704
7380.0686
7311.75592
7215.38195
7083.03681
6906.05863
6677.14625
6391.65832
6048.05741
5647.58517
5193.18434
4688.1341
4135.3254
3537.58838
2898.66111
2223.93566
1520.95726
799.67466
72.06662
-649.09631
-1351.7804
-2025.6914
-2662.4908
-3255.46
-3799.191
-4289.525
-4723.562
-5099.369
-5415.637
-5671.593
-5867.194
-6003.54
-6083.162
-6110.042
-6089.304
-6026.57
-5927.11
-5795.01
-5632.431
-5439.313
-5213.699
-4952.379
-4651.51
-4307.305
-3916.44
-3476.148
-2984.4342
-2440.7143
-1846.6255
-1206.4795
-527.15431
182.17742
910.31637
1644.5735
2371.67074
3078.75851
3754.35691
4389.08558
4976.01055
5510.72007
5991.13367
6416.94887
6788.89823
7108.08569
7375.59001
7592.37847
7759.41962
7877.50369
7946.61853
7965.24813
7930.22847
7837.38169
7682.31089
7461.35394
7172.71429
6817.57321
6400.1586
5926.8252
5404.81056
4841.30376
4242.79422
3614.73805
2961.7989
2288.55919
1600.17439
902.85094
203.98466
-488.10961
-1164.85
-1817.8344
-2439.0533
-3020.8073
-3555.892
-4037.999
-4462.345
-4826.06
-5128.261
-5369.748
-5552.625
-5679.925
-5755.21
-5782.064
-5763.372
-5700.618
-5593.494
-5439.809
-5235.785
-4976.64
-4657.44
-4274.12
-3824.513
-3309.002
-2730.8828
-2096.4541
-1414.5842
-695.7923
48.66822
807.489
1569.83853
2325.55627
3064.99098
3779.09397
4459.94398
5101.09353
5697.51578
6245.56265
6743.15347
7189.81705
7586.15667
7932.87347
8230.10504
8477.47917
8674.58984
8821.34958
8918.14739
8966.00174
8966.73627
8922.84183
8836.85264
8710.59904
8544.76964
8338.69575
8090.15562
7795.31077
7449.21978
7046.83332
6583.90377
6057.7127
5467.91098
4817.40015
4112.49636
3362.29818
2577.90239
1771.86482
957.44423
147.5465
-646.07707
-1413.2119
-2145.464
-2836.5846
-3482.68
-4082.108
-4634.996
-5142.494
-5605.965
-6026.446
-6404.343
-6739.237
-7029.931
-7274.913
-7472.831
-7622.665
-7723.724
-7775.653
-7778.354
-7731.852
-7636.119
-7490.971
-7296.14
-7051.449
-6756.965
-6413.04
-6020.214
-5579.244
-5091.507
-4559.52
-3987.13
-3379.439
-2742.8163
-2085.0036
-1415.163
-743.72815
-8.20E+01
558.52114
1167.08133
1734.41299
2253.4633
2719.6843
3130.80396
3486.44197
3787.69883
4036.65326
4235.89694
4388.21313
4496.11782
4561.2989
4584.40522
4565.31948
4503.66586
4399.43879
4253.28937
4066.22934
3839.29411
3573.54977
3270.15752
2930.31045
2555.39178
2147.26298
1708.3771
1241.84501
751.37963
241.03217
-285.12965
-822.90572
-1367.5925
-1913.8452
-2455.8529
-2987.493
-3502.327
-3993.641
-4454.759
-4879.549
-5262.933
-5601.227
-5892.37
-6135.889
-6332.693
-6484.817
-6595.104
-6666.83
-6703.382
-6707.829
-6682.4
-6628.205
-6545.348
-6433.212
-6290.712
-6116.536
-5909.433
-5668.57
-5393.917
-5086.517
-4748.596
-4383.603
-3996.058
-3591.298
-3175.166
-2753.5395
-2331.8628
-1914.8925
-1506.6572
-1110.3982
-728.7007
-363.88072
-18.37841
305.11793
603.80781
874.92394
1115.90617
1324.72049
1500.1858
1642.06412
1750.90309
1827.87059
1874.76756
1894.07369
1888.62996
1860.91854
1812.50223
1743.89852
1654.67232
1543.51451
1408.42257
1247.10262
1057.56498
838.51003
589.37818
310.40815
2.84479
-330.82925
-686.84103
-1060.0412
-1443.9491
-1831.1418
-2213.735
-2583.7313
-2933.4757
-3256.402
-3547.534
-3803.556
-4022.61
-4203.895
-4347.209
-4452.782
-4521.208
-4553.392
-4550.74
-4515.441
-4450.331
-4358.458
-4242.751
-4105.868
-3949.96
-3776.388
-3585.533
-3376.874
-3149.296
-2901.3777
-2631.6845
-2339.1287
-2023.313
-1684.5689
-1323.8601
-942.79251
-543.79517
-130.2307
293.53947
721.89527
1147.74104
1562.74102
1958.12847
2325.61503
2658.11667
2950.28745
3198.89334
3402.76013
3562.19116
3678.33898
3752.85281
3787.74037
3785.24446
3747.88727
3678.69462
3581.32163
3459.79143
3317.88987
3158.57654
2983.57944
2793.24324
2586.59934
2361.7856
2116.7072
1849.81823
1560.60669
1249.6489
918.26493
568.22212
201.65131
-178.86981
-570.21252
-968.72119
-1370.3163
-1770.5061
-2164.2017
-2545.6921
-2908.8409
-3247.365
-3555.048
-3826.182
-4056.318
-4242.809
-4384.777
-4482.608
-4537.578
-4551.825
-4528.37
-4470.718
-4382.3
-4266.166
-4124.943
-3960.795
-3775.435
-3570.228
-3346.279
-3104.3911
-2845.0655
-2568.7867
-2276.3809
-1969.083
-1648.446
-1316.4661
-975.66926
-628.9059
-2.79E+02
71.7217
421.00822
766.80513
1106.68097
1437.61507
1755.85235
2057.06089
2336.6623
2590.13134
2813.23772
3002.30638
3154.47446
3267.78707
3341.1168
3373.91382
3366.16533
3318.60863
3232.94782
3111.95834
2959.39164
2779.61911
2577.09825
2355.90528
2119.35987
1869.80567
1608.68785
1336.9572
1055.76332
767.19617
474.5973
182.18894
-1.06E+02
-384.25822
-649.26732
-896.32272
-1122.1138
-1324.7643
-1503.7444
-1659.3603
-1791.9356
-1900.9584
-1984.7174
-2040.571
-2065.2995
-2055.4659
-2007.9076
-1920.3273
-1791.549
-1621.503
-1411.0586
-1161.8885
-876.41525
-557.7742
-209.8909
162.4437
5.54E+02
957.06605
1366.29697
1774.97613
2178.01256
2572.09257
2955.93725
3329.97184
3695.43489
4053.45516
4404.58424
4748.63924
5084.50414
5409.90347
5721.36151
6014.55039
6284.92947
6528.24024
6740.5965
6918.38186
7058.13365
7156.38823
7209.4691
7213.29741
7163.63084
7056.67904
6889.78438
6661.98797
6374.62274
6031.38491
5637.57325
5199.15078
4722.51471
4214.73426
3683.45332
3136.31723
2580.43701
2022.1582
1466.96709
919.41152
382.97008
-140.25022
-649.77541
-1146.7222
-1633.299
-2112.1665
-2585.9416
-3056.7335
-3525.53
-3991.579
-4451.971
-4901.522
-5333.092
-5738.263
-6108.075
-6433.554
-6706.017
-6917.477
-7061.203
-7132.263
-7127.871
-7047.672
-6893.765
-6670.121
-6381.685
-6033.87
-5632.578
-5184.275
-4695.769
-4174.012
-3626.094
-3059.3106
-2481.0219
-1898.4133
-1318.0962
-745.60625
-184.93656
3.62E+02
893.67258
1411.54259
1916.44555
2409.77938
2892.9385
3367.10453
3832.88335
4289.76132
4735.69164
5166.95199
5578.19809
5962.61702
6312.293
6618.76367
6873.72196
7069.63631
7200.36909
7261.87498
7252.73479
7174.24913
7030.01294
6825.26991
6566.25252
6259.64781
5912.1601
5530.37777
5120.87612
4690.23099
4244.74914
3790.16656
3331.54025
2873.0663
2417.82921
1967.72997
1523.54915
1085.10778
651.33868
2.20E+02
-209.81726
-641.03992
-1074.152
-1509.1244
-1944.9049
-2379.4986
-2810.1165
-3233.13
-3643.999
-4037.34
-4407.161
-4747.042
-5050.457
-5311.291
-5524.504
-5686.686
-5796.485
-5854.676
-5863.85
-5827.923
-5751.648
-5640.039
-5497.909
-5329.699
-5139.548
-4931.259
-4708.196
-4473.235
-4228.834
-3977.149
-3720.042
-3458.862
-3194.149
-2925.4133
-2651.0458
-2368.2807
-2073.46
-1762.8574
-1433.7414
-1084.8988
-716.64471
-3.31E+02
68.5256
476.56492
887.1404
1293.57624
1688.71113
2065.37932
2417.10578
2738.77994
3026.83813
3279.07855
3494.38424
3672.52949
3813.9287
3919.57719
3990.99329
4030.07264
4038.95893
4020.07981
3976.27002
3910.81986
3827.28325
3729.17946
3619.73672
3501.53742
3376.15821
3244.06974
3104.76956
2956.91491
2798.48982
2627.12116
2440.47841
2236.50381
2013.53688
1770.5744
1507.59023
1225.56683
926.45491
613.42433
2.91E+02
-34.31304
-356.17346
-667.27706
-960.56344
-1229.4503
-1468.3411
-1673.1642
-1841.6454
-1973.1782
-2068.5522
-2129.7593
-2159.7055
-2161.6828
-2138.9612
-2094.7726
-2032.549
-1956.1275
-1869.8644
-1778.3551
-1685.7806
-1595.4125
-1509.5819
-1429.7179
-1356.0557
-1287.4277
-1221.4355
-1154.8893
-1084.1599
-1005.6728
-916.46113
-814.60379
-699.42
-5.71E+02
-432.0593
-283.64223
-129.31179
26.86603
180.01126
324.79591
455.81368
567.72733
655.47139
714.81095
743.06394
739.5592
705.62285
644.2501
559.69679
457.12971
342.31242
221.47044
101.08027
-12.7929
-115.3185
-203.13937
-274.11441
-3.27E+02
-362.77708
-382.11886
-387.17636
-379.96708
-362.63036
-337.50597
-307.04131
-273.75855
-240.3463
-209.64066
-184.47605
-167.41396
-160.44873
-164.6966
-180.02131
-204.67239
-235.32412
-267.50709
-296.20195
-316.46427
-324.06826
-3.16E+02
-289.94666
-245.12261
-181.38724
-100.11775
-4.22846
102.13315
213.92392
325.48381
430.9237
524.73737
602.33201
660.22828
696.08087
708.65745
697.67284
663.51378
607.08289
529.85018
434.05943
322.92955
200.69791
72.53356
-55.73352
-178.24323
-289.91832
-387.09597
-4.68E+02
-532.37458
-582.24455
-620.62787
-651.69397
-680.19462
-711.16996
-749.76138
-800.89094
-868.4522
-954.54413
-1059.064
-1179.7076
-1312.2598
-1450.8092
-1588.2043
-1716.9463
-1830.1193
-1921.7108
-1986.6153
-2020.8188
-2021.4882
-1986.8586
-1916.1319
-1809.6097
-1668.7499
-1496.2598
-1296.1415
-1073.6253
-834.86902
-586.38914
-334.45932
-84.6657
158.41135
391.45702
6.12E+02
820.09944
1014.49716
1196.63388
1368.63682
1533.23736
1693.42013
1852.31939
2013.0266
2178.1448
2349.25792
2526.49605
2708.2732
2891.23056
3070.40979
3239.73384
3392.51455
3521.83792
3621.0008
3684.16086
3706.90389
3686.50297
3622.00215
3514.23458
3365.74432
3180.63399
2964.21203
2722.33313
2460.74134
2184.83914
1899.86438
1610.95473
1323.05696
1040.80354
768.47782
509.80757
267.73356
44.09016
-160.65625
-347.43949
-518.43167
-676.95976
-827.4806
-975.32554
-1125.9104
-1283.6184
-1450.7776
-1627.4183
-1811.7383
-2000.5943
-2189.5016
-2372.3498
-2541.6469
-2689.3967
-2808.0128
-2890.816
-2932.5047
-2929.8006
-2881.8074
-2789.8965
-2657.3889
-2489.1764
-2291.1287
-2069.5148
-1830.749
-1581.3598
-1327.8469
-1076.3468
-832.29838
-600.06098
-382.56976
-181.35208
3.24602
171.99853
326.93799
471.24509
608.79146
743.55204
879.3371
1019.86452
1168.77078
1329.23457
1503.44334
1692.14598
1894.28132
2106.62591
2323.57132
2537.27221
2738.38573
2917.36001
3065.54945
3175.71485
3242.30882
3261.90388
3233.42064
3157.94258
3038.43431
2879.58603
2687.62454
2469.91343
2234.37589
1988.97539
1741.27736
1497.87438
1263.74537
1041.89643
833.33318
637.31791
451.8478
274.23488
101.64444
-6.86E+01
-239.29206
-413.3009
-593.82646
-783.99723
-986.57946
-1203.6625
-1436.2195
-1683.7104
-1943.9034
-2212.922
-2485.3418
-2754.4413
-3012.8291
-3253.154
-3468.493
-3652.492
-3799.665
-3905.771
-3968.089
-3985.587
-3959.065
-3891.231
-3786.699
-3651.74
-3493.621
-3319.814
-3137.3715
-2952.4357
-2769.8165
-2592.7991
-2423.1891
-2261.2953
-2105.8582
-1954.2108
-1802.7477
-1647.5599
-1484.9098
-1311.5238
-1124.6821
-922.41519
-703.61079
-4.68E+02
-216.35463
49.56863
326.41782
609.51793
893.19348
1171.17272
1436.83691
1683.44098
1904.30759
2093.12355
2244.50075
2354.71314
2422.2005
2447.61434
2433.72891
2385.29278
2308.72996
2211.48983
2101.25732
1985.2462
1869.58326
1758.88433
1656.15262
1563.05881
1480.21255
1407.16101
1342.15865
1282.12846
1222.81376
1158.90616
1084.37278
993.34838
881.13498
744.77944
583.43733
3.98E+02
193.01974
-28.45253
-260.6865
-497.8128
-733.69449
-962.29564
-1177.9148
-1375.0814
-1548.5036
-1693.3828
-1806.0407
-1884.4642
-1928.6763
-1940.931
-1925.7271
-1889.5139
-1839.8866
-1784.6458
-1731.0047
-1685.064
-1651.4836
-1633.3606
-1632.2242
-1648.1468
-1679.8491
-1724.5859
-1777.9533
-1834.0002
-1885.724
-1925.7094
-1946.7504
-1942.5641
-1908.441
-1841.7378
-1742.1591
-1611.7734
-1454.6145
-1276.0884
-1082.5784
-881.11074
-678.95206
-483.22946
-300.7125
-137.41565
1.86312
113.88111
197.18741
252.273
2.81E+02
288.26976
277.54276
254.58614
225.12517
194.96521
169.67901
154.14634
152.10472
165.90354
196.4019
242.81325
302.56306
371.32764
443.31657
511.83195
569.91909
610.94261
629.07517
619.71825
579.81288
507.97393
404.58479
2.72E+02
1.14E+02
-62.55114
-251.12744
-443.82047
-633.03252
-811.75684
-973.97638
-1114.9164
-1231.2402
-1321.3026
-1385.349
-1425.3381
-1444.5415
-1447.0932
-1437.5757
-1420.6427
-1400.74
-1381.7859
-1366.9175
-1358.3895
-1357.5403
-1364.7028
-1379.1122
-1398.9322
-1421.3908
-1443.0771
-1460.2257
-1468.831
-1464.6844
-1443.5123
-1401.2143
-1334.168
-1239.6204
-1116.177
-964.16209
-785.74834
-584.79366
-366.60517
-137.5227
95.63333
3.26E+02
547.2396
753.43436
939.96478
1103.55657
1242.38493
1356.04191
1445.56908
1513.53301
1564.00942
1602.21619
1633.79483
1664.15847
1698.03962
1739.047
1789.30874
1849.38958
1918.45564
1994.47356
2074.39845
2154.38545
2230.11923
2297.20033
2351.40111
2388.79183
2405.82152
2399.55495
2367.9348
2309.96411
2225.73064
2116.36903
1983.99505
1831.68855
1663.3657
1483.60246
1297.5316
1110.79566
929.30758
758.77917
604.15969
469.15972
355.95242
265.04756
195.37532
144.51655
108.92702
8.42E+01
65.11161
46.49433
23.24659
-9.16463
-54.58201
-115.73313
-193.64172
-287.25089
-393.37421
-506.80759
-620.83007
-728.12921
-821.78802
-895.84042
-945.62254
-968.05941
-961.84556
-927.31007
-866.16204
-781.15323
-675.75489
-553.97011
-420.23898
-279.26361
-135.73497
5.92553
141.57015
267.25556
3.79E+02
4.74E+02
550.65299
606.86371
643.62801
662.80524
667.54912
662.33773
652.78833
644.98313
644.67418
656.6504
684.31411
729.43138
792.06712
870.53455
961.54332
1060.56318
1162.18468
1260.41531
1349.20789
1423.07662
1477.62275
1509.88713
1518.56633
1503.90499
1467.35325
1411.22912
1338.63607
1253.48907
1160.38595
1064.246
969.78211
881.02896
801.06277
731.93946
674.81107
630.21438
598.30127
578.88143
571.30246
574.22991
585.4947
602.15291
620.70841
637.38276
648.46918
650.66067
641.17361
617.82201
579.2755
525.40332
457.34585
377.41153
288.8767
195.83655
102.99428
15.30748
-62.55649
-126.60345
-173.75834
-202.14061
-2.11E+02
-2.02E+02
-1.76E+02
-1.38E+02
-8.91E+01
-3.55E+01
19.27882
71.21877
117.00415
153.89048
179.94057
194.15526
196.41384
187.22753
167.67071
1.39E+02
1.05E+02
6.65E+01
2.76E+01
-9.07566
-40.62956
-64.69509
-79.11511
-82.04379
-72.18422
-49.00668
-12.81027
35.23647
93.13525
158.1675
227.00558
295.76996
360.2505
416.30242
460.30935
489.46917
501.96807
497.06377
475.20195
438.18511
389.23514
332.74445
273.78877
217.54772
168.70598
130.9579
106.80647
97.51316
103.01114
121.86985
151.5535
188.90169
230.57856
273.32037
314.03889
349.87946
378.29294
397.19856
405.06094
400.91875
384.36486
355.64643
315.7326
266.22468
209.18485
147.0526
82.65974
19.13815
-40.35113
-92.9866
-136.41352
-168.67761
-1.88E+02
-1.94E+02
-1.87E+02
-1.68E+02
-1.38E+02
-99.6175
-55.97703
-10.03772
34.60523
74.25887
105.57914
125.86904
133.26513
126.92185
107.20564
75.66142
34.83555
-1.20E+01
-6.15E+01
-1.10E+02
-1.56E+02
-1.95E+02
-2.26E+02
-2.47E+02
-2.59E+02
-2.61E+02
-2.55E+02
-2.41E+02
-2.23E+02
-1.99E+02
-173.60907
-146.80193
-120.96369
-98.29422
-81.04533
-71.18583
-70.24249
-79.25291
-98.64883
-128.09164
-166.43952
-211.90347
-262.18265
-314.48484
-365.55242
-411.89314
-450.126
-477.2151
-490.64578
-488.70893
-470.78551
-437.43738
-390.29103
-331.86476
-265.41657
-194.72949
-123.75498
-56.25023
4.48435
55.7506
95.60396
122.96086
1.38E+02
1.41E+02
1.34E+02
1.20E+02
102.21672
82.66939
64.01202
48.04006
36.03475
28.91785
27.37024
31.82136
42.44963
59.22205
81.88822
109.85157
141.9764
176.44937
210.87411
242.62888
269.08981
287.56661
295.36931
290.23082
2.71E+02
2.37E+02
1.91E+02
1.34E+02
6.84E+01
-1.08E+00
-7.16E+01
-1.40E+02
-2.04E+02
-2.61E+02
-311.87288
-354.85651
-390.97068
-421.47699
-448.19819
-473.3423
-499.22362
-528.01331
-561.65163
-601.65813
-648.88203
-703.35348
-764.36889
-830.69362
-900.75922
-972.79461
-1044.9372
-1115.406
-1182.6342
-1245.3407
-1302.5297
-1353.4371
-1397.3536
-1433.4028
-1460.4749
-1477.4461
-1483.5165
-1478.4392
-1462.6151
-1437.0748
-1403.3437
-1363.1977
-1318.4647
-1270.8177
-1221.6111
-1171.7968
-1121.88
-1071.8666
-1021.271
-969.16948
-914.26787
-855.06265
-790.13697
-718.45759
-639.59205
-553.83981
-462.20536
-366.23253
-267.77247
-168.74566
-7.10E+01
2.39E+01
114.29564
199.15141
277.51632
348.79413
412.63037
468.82747
517.34315
558.3086
591.97973
618.67986
638.79076
652.7199
660.88977
663.74671
661.76499
655.43819
645.28142
631.80365
615.45112
596.57419
575.44536
552.27691
527.13498
499.83525
469.99681
437.19261
401.02934
361.14461
317.31098
269.58009
218.35138
164.33221
1.08E+02
5.20E+01
-3.64E+00
-57.03216
-106.72547
-151.5933
-190.86286
-224.13375
-251.35483
-272.74138
-288.66398
-299.58027
-306.00652
-308.51595
-307.71603
-304.18057
-298.37666
-290.65528
-281.31184
-270.63866
-258.91295
-246.34373
-233.04237
-219.03993
-204.31172
-188.78361
-172.32947
-154.77648
-135.92278
-115.56216
-9.35E+01
-6.96E+01
-4.39E+01
-1.65E+01
1.26E+01
42.99198
74.24781
105.8652
137.21432
167.57845
196.20075
222.35109
245.3867
264.79485
280.22877
291.54008
298.79786
302.27166
302.38608
299.66614
294.68042
287.98217
280.05727
271.28615
261.923
252.09128
241.80689
231.01781
219.63952
207.57883
194.75393
181.10556
166.59606
151.20344
134.91377
117.71329
99.58428
8.05E+01
6.05E+01
3.96E+01
1.80E+01
-4.27E+00
-2.68E+01
-49.28186
-71.24047
-92.19157
-111.6176
-129.01242
-143.91477
-155.94043
-164.8078
-170.35388
-172.54131
-171.45758
-167.30625
-160.3894
-151.08351
-139.81006
-127.00233
-113.07154
-98.37571
-83.19436
-67.7123
-52.0146
-36.09371