0
0
3.29E-06
7.33E-06
1.29E-05
2.00E-05
2.86E-05
3.85E-05
4.99E-05
6.25E-05
7.64E-05
9.16E-05
1.08E-04
1.25E-04
1.44E-04
1.63E-04
1.82E-04
2.02E-04
2.22E-04
2.42E-04
2.60E-04
2.77E-04
2.93E-04
3.06E-04
3.17E-04
3.26E-04
3.33E-04
3.38E-04
3.41E-04
3.42E-04
3.42E-04
3.40E-04
3.36E-04
3.31E-04
3.24E-04
3.15E-04
3.04E-04
2.90E-04
2.73E-04
2.54E-04
2.32E-04
2.07E-04
1.79E-04
1.49E-04
1.17E-04
8.38E-05
4.89E-05
1.34E-05
-2.15E-05
-5.47E-05
-8.59E-05
-1.15E-04
-1.43E-04
-1.68E-04
-1.91E-04
-2.11E-04
-2.27E-04
-2.38E-04
-2.46E-04
-2.49E-04
-2.49E-04
-2.45E-04
-2.38E-04
-2.26E-04
-2.09E-04
-1.87E-04
-1.61E-04
-1.31E-04
-9.95E-05
-6.64E-05
-3.22E-05
3.55E-06
4.12E-05
8.17E-05
1.26E-04
1.74E-04
2.23E-04
2.70E-04
3.14E-04
3.54E-04
3.88E-04
4.14E-04
4.30E-04
4.34E-04
4.26E-04
4.07E-04
3.78E-04
3.39E-04
2.92E-04
2.39E-04
1.83E-04
1.25E-04
6.68E-05
7.34E-06
-5.48E-05
-1.20E-04
-1.88E-04
-2.57E-04
-3.25E-04
-3.90E-04
-4.48E-04
-4.93E-04
-5.24E-04
-5.37E-04
-5.32E-04
-5.09E-04
-4.71E-04
-4.19E-04
-3.58E-04
-2.90E-04
-2.16E-04
-1.35E-04
-4.74E-05
4.40E-05
1.39E-04
2.41E-04
3.52E-04
4.75E-04
6.11E-04
7.56E-04
9.06E-04
0.00106
0.00119
0.00132
0.00142
0.00149
0.00153
0.00154
0.00153
0.0015
0.00145
0.00138
0.00129
0.00117
0.00102
8.26E-04
6.04E-04
3.55E-04
8.14E-05
-2.15E-04
-5.33E-04
-8.72E-04
-0.00123
-0.00158
-0.00193
-0.00226
-0.00255
-0.00281
-0.00303
-0.00321
-0.00335
-0.00346
-0.00354
-0.00359
-0.00361
-0.0036
-0.00356
-0.00349
-0.00339
-0.00326
-0.00308
-0.00286
-0.00261
-0.00232
-0.00201
-0.00168
-0.00135
-0.00103
-7.31E-04
-4.53E-04
-2.03E-04
1.83E-05
2.16E-04
3.97E-04
5.67E-04
7.27E-04
8.74E-04
0.001
0.0011
0.00118
0.00122
0.00124
0.00123
0.00121
0.00116
0.0011
0.00102
9.29E-04
8.30E-04
7.34E-04
6.52E-04
5.92E-04
5.54E-04
5.35E-04
5.29E-04
5.27E-04
5.21E-04
5.06E-04
4.76E-04
4.29E-04
3.62E-04
2.70E-04
1.52E-04
7.19E-06
-1.58E-04
-3.38E-04
-5.24E-04
-7.10E-04
-8.89E-04
-0.00106
-0.00122
-0.00139
-0.00156
-0.00175
-0.00195
-0.00216
-0.00239
-0.00262
-0.00284
-0.00303
-0.0032
-0.00333
-0.00342
-0.00347
-0.00348
-0.00345
-0.00341
-0.00335
-0.00327
-0.00319
-0.00311
-0.00302
-0.00293
-0.00283
-0.00271
-0.00256
-0.0024
-0.00223
-0.00205
-0.00188
-0.00173
-0.0016
-0.00149
-0.0014
-0.00132
-0.00124
-0.00114
-0.00102
-8.78E-04
-7.05E-04
-4.97E-04
-2.51E-04
3.83E-05
3.71E-04
7.45E-04
0.00115
0.00158
0.00202
0.00245
0.00288
0.00329
0.00367
0.00402
0.00433
0.00457
0.00473
0.00482
0.00482
0.00476
0.00465
0.0045
0.00433
0.00412
0.00389
0.00363
0.00333
0.00301
0.00265
0.00228
0.00189
0.00151
0.00114
7.85E-04
4.43E-04
1.17E-04
-1.97E-04
-5.01E-04
-8.03E-04
-0.00111
-0.00142
-0.00175
-0.00209
-0.00245
-0.00279
-0.00312
-0.0034
-0.00363
-0.00378
-0.00386
-0.00387
-0.00382
-0.00371
-0.00356
-0.00336
-0.00314
-0.00291
-0.00266
-0.00242
-0.00218
-0.00196
-0.00176
-0.00156
-0.00139
-0.00124
-0.00111
-0.001
-9.08E-04
-8.24E-04
-7.38E-04
-6.39E-04
-5.15E-04
-3.53E-04
-1.37E-04
1.46E-04
5.01E-04
9.30E-04
0.00142
0.00196
0.00254
0.00313
0.00372
0.00429
0.00482
0.00529
0.0057
0.00602
0.00625
0.00639
0.00643
0.00639
0.00627
0.00607
0.00581
0.00549
0.00511
0.00469
0.00423
0.00374
0.00321
0.00267
0.00211
0.00153
9.49E-04
3.63E-04
-2.18E-04
-7.91E-04
-0.00135
-0.0019
-0.00243
-0.00295
-0.00345
-0.00393
-0.0044
-0.00485
-0.00528
-0.00569
-0.00606
-0.00641
-0.00672
-0.007
-0.00724
-0.00743
-0.00759
-0.00769
-0.00775
-0.00777
-0.00774
-0.00769
-0.0076
-0.0075
-0.00738
-0.00723
-0.00705
-0.00681
-0.00652
-0.00614
-0.00569
-0.00515
-0.00452
-0.00382
-0.00305
-0.00222
-0.00135
-4.53E-04
4.59E-04
0.00137
0.00227
0.00315
0.00398
0.00476
0.00547
0.0061
0.00665
0.00709
0.00743
0.00766
0.00776
0.00773
0.00759
0.00733
0.00696
0.00651
0.00599
0.0054
0.00477
0.0041
0.0034
0.00268
0.00195
0.00121
4.60E-04
-3.08E-04
-0.0011
-0.00192
-0.00278
-0.00368
-0.0046
-0.00554
-0.00648
-0.0074
-0.00827
-0.00908
-0.0098
-0.01045
-0.01101
-0.01147
-0.01184
-0.01211
-0.01227
-0.01231
-0.01224
-0.01204
-0.01174
-0.01133
-0.01084
-0.01027
-0.00965
-0.00899
-0.00831
-0.0076
-0.00689
-0.00617
-0.00547
-0.00477
-0.00409
-0.00342
-0.00274
-0.00204
-0.00133
-6.01E-04
1.36E-04
8.73E-04
0.0016
0.00231
0.003
0.00367
0.00431
0.00493
0.00552
0.00607
0.00657
0.007
0.00736
0.00762
0.00779
0.00786
0.00783
0.00773
0.00757
0.00736
0.00712
0.00685
0.00657
0.00626
0.00594
0.0056
0.00522
0.00482
0.0044
0.00394
0.00347
0.00299
0.00249
0.00198
0.00146
9.20E-04
3.46E-04
-2.71E-04
-9.40E-04
-0.00167
-0.00245
-0.00327
-0.00413
-0.00501
-0.0059
-0.00678
-0.00766
-0.00852
-0.00936
-0.01017
-0.01094
-0.01167
-0.01236
-0.013
-0.01357
-0.01407
-0.01448
-0.01477
-0.01494
-0.01497
-0.01488
-0.01464
-0.01428
-0.01377
-0.01313
-0.01233
-0.0114
-0.01033
-0.00911
-0.00776
-0.00629
-0.0047
-0.00304
-0.00133
4.06E-04
0.00214
0.00385
0.00553
0.00717
0.00875
0.01024
0.01162
0.01287
0.01396
0.01486
0.01555
0.01603
0.01629
0.01635
0.01621
0.01589
0.0154
0.01478
0.01403
0.01318
0.01223
0.01121
0.01013
0.009
0.00783
0.00666
0.0055
0.00436
0.00327
0.00224
0.00129
4.24E-04
-3.53E-04
-0.00105
-0.00167
-0.00224
-0.00276
-0.00326
-0.00374
-0.00422
-0.00471
-0.0052
-0.00569
-0.00618
-0.00665
-0.00708
-0.00748
-0.00783
-0.00813
-0.0084
-0.00862
-0.00879
-0.0089
-0.00897
-0.00898
-0.00892
-0.00878
-0.00857
-0.00829
-0.00797
-0.00763
-0.00727
-0.00691
-0.00652
-0.00611
-0.00567
-0.00518
-0.00466
-0.00409
-0.00348
-0.00283
-0.00213
-0.00138
-5.63E-04
3.20E-04
0.00127
0.0023
0.00339
0.00453
0.00568
0.00683
0.00794
0.00898
0.00992
0.01076
0.01148
0.01209
0.01258
0.01296
0.01324
0.01342
0.01351
0.01351
0.01343
0.01327
0.01305
0.01278
0.01248
0.01216
0.01185
0.01154
0.01123
0.01089
0.01051
0.01007
0.00953
0.00887
0.00808
0.00714
0.00602
0.00474
0.00328
0.00168
-3.62E-05
-0.00182
-0.00364
-0.00543
-0.00717
-0.00882
-0.01035
-0.01173
-0.01292
-0.01388
-0.01456
-0.01492
-0.01495
-0.01462
-0.01395
-0.01296
-0.01169
-0.01017
-0.00845
-0.00659
-0.00462
-0.00258
-5.09E-04
0.00158
0.00365
0.0057
0.00771
0.00968
0.01161
0.01352
0.01542
0.01734
0.0193
0.02132
0.0234
0.02555
0.02776
0.03005
0.03238
0.03472
0.03699
0.03906
0.04084
0.04222
0.04313
0.04351
0.04337
0.04271
0.04158
0.04001
0.03806
0.03578
0.03321
0.03039
0.0274
0.02427
0.02109
0.01794
0.01491
0.01211
0.00961
0.00751
0.00586
0.00473
0.00413
0.00402
0.00434
0.00499
0.00584
0.00677
0.00765
0.00836
0.00883
0.009
0.00884
0.00834
0.00751
0.00638
0.00498
0.00334
0.00152
-4.24E-04
-0.00242
-0.00441
-0.00633
-0.00812
-0.00974
-0.01116
-0.01236
-0.01337
-0.01418
-0.01483
-0.01532
-0.01568
-0.01592
-0.01603
-0.016
-0.01582
-0.01548
-0.015
-0.01439
-0.01367
-0.01283
-0.01186
-0.01072
-0.00935
-0.00769
-0.00565
-0.00315
-1.35E-04
0.00346
0.00764
0.01241
0.01772
0.02347
0.02958
0.03593
0.04239
0.04885
0.05517
0.06122
0.06685
0.07191
0.07626
0.07984
0.08259
0.08448
0.08549
0.0856
0.08479
0.08304
0.08034
0.07672
0.07219
0.06681
0.06066
0.05383
0.04643
0.03861
0.03049
0.02222
0.01394
0.00576
-0.00222
-0.00993
-0.0173
-0.02429
-0.03089
-0.03707
-0.0428
-0.04806
-0.05281
-0.05703
-0.06068
-0.06369
-0.06605
-0.06774
-0.06873
-0.06906
-0.06875
-0.06785
-0.06643
-0.06457
-0.06235
-0.05983
-0.0571
-0.05423
-0.05128
-0.0483
-0.04533
-0.04242
-0.03962
-0.03695
-0.03447
-0.03224
-0.03032
-0.02875
-0.02758
-0.02684
-0.02654
-0.0267
-0.0273
-0.02829
-0.02963
-0.03125
-0.03304
-0.03491
-0.03677
-0.03851
-0.04009
-0.04143
-0.04252
-0.04333
-0.04387
-0.04417
-0.04424
-0.04412
-0.04384
-0.04343
-0.04292
-0.04234
-0.04172
-0.04109
-0.0405
-0.03998
-0.03958
-0.03933
-0.03929
-0.03947
-0.03989
-0.04049
-0.04115
-0.04172
-0.04204
-0.04196
-0.04139
-0.04022
-0.03837
-0.03576
-0.03234
-0.02805
-0.02287
-0.01679
-0.00981
-0.00195
0.00673
0.01618
0.0263
0.03701
0.04818
0.05969
0.07136
0.08304
0.09452
0.1056
0.11601
0.12548
0.13375
0.14066
0.1461
0.15
0.15231
0.15298
0.15199
0.14931
0.14494
0.13887
0.13113
0.12175
0.11081
0.09838
0.0846
0.06961
0.05358
0.03672
0.0193
0.00158
-0.01614
-0.03357
-0.05049
-0.06669
-0.08202
-0.09637
-0.10962
-0.12169
-0.13247
-0.14187
-0.14981
-0.1562
-0.16098
-0.16413
-0.16562
-0.16548
-0.16374
-0.16045
-0.15571
-0.1496
-0.14225
-0.13377
-0.12429
-0.11392
-0.10274
-0.0908
-0.07816
-0.06484
-0.05089
-0.03634
-0.02125
-0.00568
0.01026
0.02649
0.04287
0.05926
0.07552
0.09148
0.10696
0.12179
0.13577
0.14875
0.16055
0.17101
0.18001
0.18741
0.19314
0.1971
0.19925
0.19954
0.19795
0.19446
0.18906
0.18179
0.1727
0.16188
0.14948
0.13565
0.12061
0.10459
0.0878
0.07049
0.05287
0.03512
0.01743
-6.34E-05
-0.01725
-0.03402
-0.05028
-0.06593
-0.08089
-0.09503
-0.10826
-0.12044
-0.13147
-0.14123
-0.14966
-0.15669
-0.16232
-0.16653
-0.16937
-0.17088
-0.1711
-0.1701
-0.16793
-0.16465
-0.16032
-0.15498
-0.14871
-0.14156
-0.13359
-0.12488
-0.11549
-0.10548
-0.09492
-0.08385
-0.07235
-0.06048
-0.04831
-0.03592
-0.02339
-0.0108
0.00179
0.0143
0.02667
0.03885
0.05077
0.06238
0.07361
0.08435
0.09451
0.10396
0.11259
0.12025
0.12682
0.13219
0.13629
0.13905
0.14045
0.14051
0.13926
0.13678
0.13315
0.12847
0.12282
0.1163
0.10899
0.10094
0.09221
0.08285
0.07292
0.06248
0.05162
0.04045
0.02906
0.01756
0.00605
-0.00539
-0.01672
-0.0279
-0.03889
-0.04969
-0.06026
-0.07057
-0.08058
-0.09022
-0.09943
-0.1081
-0.11615
-0.12348
-0.13
-0.13561
-0.14024
-0.14383
-0.14632
-0.1477
-0.14795
-0.14706
-0.14506
-0.14196
-0.1378
-0.13261
-0.12644
-0.11933
-0.11134
-0.1025
-0.09288
-0.08251
-0.07147
-0.0598
-0.04756
-0.03484
-0.0217
-0.00823
0.00546
0.01928
0.03308
0.04675
0.06016
0.07317
0.08566
0.09751
0.1086
0.11882
0.12804
0.13618
0.14311
0.14875
0.15302
0.15585
0.1572
0.15702
0.15533
0.15214
0.14751
0.1415
0.13422
0.12576
0.11627
0.10585
0.09465
0.0828
0.07041
0.05762
0.04455
0.03132
0.01803
0.0048
-0.00826
-0.02104
-0.03345
-0.04539
-0.05677
-0.0675
-0.07748
-0.08662
-0.09483
-0.10204
-0.10818
-0.1132
-0.11706
-0.11977
-0.12133
-0.12178
-0.12117
-0.11955
-0.11697
-0.11348
-0.10915
-0.10402
-0.09817
-0.09166
-0.0846
-0.07706
-0.06915
-0.06096
-0.05257
-0.04405
-0.03546
-0.02685
-0.01824
-0.00966
-0.00113
0.00735
0.01575
0.02407
0.03228
0.04035
0.04823
0.05585
0.06316
0.07006
0.07647
0.0823
0.08748
0.09192
0.09554
0.09828
0.10009
0.10093
0.10074
0.09952
0.09726
0.09397
0.08966
0.0844
0.07823
0.07124
0.06351
0.05514
0.04622
0.03685
0.02711
0.01709
0.00689
-0.00342
-0.01373
-0.02397
-0.03403
-0.04384
-0.05329
-0.06232
-0.07087
-0.07887
-0.08628
-0.09307
-0.09921
-0.10465
-0.10937
-0.11333
-0.11651
-0.11886
-0.12036
-0.12097
-0.12067
-0.11943
-0.11724
-0.11409
-0.10999
-0.10498
-0.09909
-0.09237
-0.0849
-0.07672
-0.06792
-0.05855
-0.04869
-0.0384
-0.02778
-0.0169
-0.00589
0.00515
0.01611
0.02686
0.03728
0.04724
0.05662
0.0653
0.07318
0.08015
0.08614
0.09107
0.0949
0.09761
0.09916
0.09958
0.09888
0.09708
0.09425
0.09042
0.08566
0.08002
0.07357
0.06637
0.05851
0.05005
0.04108
0.03167
0.02192
0.01191
0.00171
-0.00858
-0.01891
-0.0292
-0.03939
-0.04941
-0.05921
-0.06871
-0.07786
-0.08659
-0.09483
-0.10252
-0.10959
-0.11597
-0.12159
-0.12639
-0.13032
-0.13332
-0.13537
-0.13644
-0.13654
-0.13569
-0.1339
-0.13123
-0.12773
-0.12344
-0.11841
-0.11272
-0.10639
-0.09948
-0.09203
-0.08409
-0.07568
-0.06685
-0.05763
-0.04808
-0.03824
-0.02816
-0.01789
-0.00748
0.00299
0.01349
0.02394
0.03427
0.04442
0.05432
0.06389
0.07305
0.08172
0.08982
0.09723
0.10388
0.10968
0.11454
0.1184
0.12121
0.12295
0.12359
0.12316
0.12167
0.11918
0.11574
0.1114
0.10626
0.10037
0.09382
0.0867
0.07907
0.07101
0.06261
0.05393
0.04504
0.03602
0.02693
0.01784
0.0088
-1.19E-04
-0.00885
-0.01732
-0.02548
-0.03326
-0.04059
-0.04743
-0.05372
-0.05939
-0.0644
-0.06869
-0.07223
-0.07497
-0.07688
-0.07793
-0.07809
-0.07737
-0.07575
-0.07325
-0.06991
-0.06576
-0.06086
-0.05527
-0.04907
-0.04233
-0.03514
-0.02759
-0.01976
-0.01173
-0.00359
0.0046
0.01276
0.02084
0.02877
0.0365
0.04397
0.05114
0.05795
0.06435
0.07031
0.07577
0.08072
0.08511
0.08893
0.09216
0.0948
0.09683
0.09825
0.09906
0.09927
0.0989
0.09794
0.09641
0.09433
0.09172
0.0886
0.08501
0.08097
0.07651
0.07169
0.06654
0.0611
0.05543
0.04957
0.04358
0.0375
0.03139
0.0253
0.01926
0.01333
0.00754
0.00193
-0.00345
-0.00857
-0.01337
-0.01782
-0.02186
-0.02546
-0.02858
-0.03118
-0.03324
-0.03474
-0.03568
-0.03606
-0.0359
-0.03521
-0.03402
-0.03237
-0.03028
-0.02778
-0.02491
-0.02169
-0.01816
-0.01435
-0.01028
-0.006
-0.00152
0.00312
0.00788
0.01274
0.01766
0.02261
0.02756
0.03246
0.03728
0.04198
0.04652
0.05084
0.05492
0.05869
0.0621
0.0651
0.06762
0.06963
0.07106
0.07188
0.07205
0.07157
0.07041
0.0686
0.06613
0.06306
0.0594
0.0552
0.05053
0.04543
0.03998
0.03425
0.02829
0.02219
0.01601
0.00982
0.00366
-0.00241
-0.00835
-0.01411
-0.01965
-0.02495
-0.02995
-0.03464
-0.03897
-0.04293
-0.04649
-0.04963
-0.05234
-0.05459
-0.05638
-0.05769
-0.05849
-0.05878
-0.05854
-0.05778
-0.05648
-0.05467
-0.05235
-0.04956
-0.0463
-0.04261
-0.03853
-0.03409
-0.02933
-0.0243
-0.01905
-0.01363
-0.00809
-0.00248
0.00317
0.00881
0.01441
0.01992
0.02532
0.03057
0.03565
0.04052
0.04515
0.04949
0.05352
0.0572
0.06048
0.06332
0.06571
0.06759
0.06894
0.06973
0.06994
0.06956
0.06858
0.06699
0.06481
0.06206
0.05874
0.0549
0.05057
0.04581
0.04066
0.0352
0.02949
0.0236
0.01761
0.0116
0.00564
-2.08E-04
-0.00588
-0.01132
-0.0165
-0.02137
-0.02593
-0.03013
-0.03397
-0.03742
-0.04048
-0.04313
-0.04537
-0.04718
-0.04857
-0.04953
-0.05006
-0.05016
-0.04983
-0.04908
-0.0479
-0.04629
-0.04428
-0.04187
-0.03907
-0.0359
-0.03237
-0.0285
-0.02432
-0.01986
-0.01517
-0.01029
-0.00528
-2.16E-04
0.00484
0.0098
0.0146
0.01915
0.0234
0.02727
0.03072
0.03369
0.03614
0.03803
0.03933
0.04
0.04003
0.03939
0.03808
0.0361
0.03345
0.03017
0.02627
0.02181
0.01682
0.01137
0.00551
-6.76E-04
-0.00712
-0.01375
-0.02047
-0.02722
-0.03393
-0.04052
-0.04695
-0.05315
-0.0591
-0.06474
-0.07003
-0.07494
-0.07945
-0.08353
-0.08716
-0.09033
-0.09304
-0.09528
-0.09707
-0.0984
-0.09927
-0.09969
-0.09965
-0.09914
-0.09814
-0.09661
-0.09454
-0.0919
-0.08865
-0.08479
-0.08029
-0.07515
-0.06936
-0.06294
-0.05591
-0.04831
-0.0402
-0.03164
-0.0227
-0.01347
-0.00404
0.00547
0.01498
0.02438
0.03356
0.04243
0.05091
0.0589
0.06636
0.0732
0.07939
0.08488
0.08965
0.09368
0.09695
0.09947
0.10123
0.10225
0.10252
0.10207
0.10091
0.09904
0.0965
0.0933
0.08944
0.08494
0.0798
0.07403
0.06766
0.06069
0.05316
0.04511
0.0366
0.0277
0.01848
0.00905
-5.00E-04
-0.01007
-0.01957
-0.02889
-0.03794
-0.04663
-0.0549
-0.06266
-0.06986
-0.07646
-0.08241
-0.08767
-0.09223
-0.09605
-0.09913
-0.10147
-0.10306
-0.10391
-0.10405
-0.10349
-0.10225
-0.10038
-0.09789
-0.09482
-0.09118
-0.087
-0.08229
-0.07709
-0.07142
-0.06532
-0.05882
-0.05198
-0.04485
-0.0375
-0.02999
-0.02239
-0.01477
-0.0072
2.64E-04
0.00756
0.01464
0.02145
0.02797
0.03414
0.03996
0.04539
0.05044
0.0551
0.05936
0.06324
0.06674
0.06987
0.07262
0.075
0.07701
0.07865
0.0799
0.08077
0.08124
0.08131
0.08095
0.08015
0.07891
0.0772
0.07503
0.07239
0.06929
0.06575
0.06179
0.05745
0.05278
0.04782
0.04264
0.03729
0.03183
0.02631
0.02078
0.01528
0.00984
0.0045
-7.19E-04
-0.0058
-0.01072
-0.01548
-0.02006
-0.02445
-0.02864
-0.03263
-0.0364
-0.03996
-0.0433
-0.04642
-0.0493
-0.05194
-0.0543
-0.05637
-0.0581
-0.05947
-0.06044
-0.06098
-0.06105
-0.06065
-0.05976
-0.05839
-0.05656
-0.05429
-0.05163
-0.0486
-0.04526
-0.04165
-0.0378
-0.03378
-0.02963
-0.02538
-0.02109
-0.01679
-0.01252
-0.00831
-0.00419
-1.92E-04
0.00367
0.00737
0.0109
0.01425
0.0174
0.02035
0.02308
0.02558
0.02783
0.02982
0.03151
0.0329
0.03397
0.03468
0.03502
0.03499
0.03456
0.03375
0.03258
0.03105
0.02921
0.02709
0.02473
0.02219
0.01953
0.01679
0.01404
0.01133
0.00871
0.00623
0.00391
0.00179
-1.06E-04
-0.00177
-0.00321
-0.00442
-0.00541
-0.00621
-0.00682
-0.00728
-0.00761
-0.00781
-0.0079
-0.0079
-0.00781
-0.00765
-0.00741
-0.00709
-0.00669
-0.00621
-0.00562
-0.00493
-0.00414
-0.00325
-0.00225
-0.00116
1.52E-05
0.00125
0.00253
0.00381
0.00507
0.00627
0.00736
0.0083
0.00906
0.00961
0.00993
0.00999
0.00981
0.00939
0.00876
0.00794
0.00696
0.00588
0.00471
0.0035
0.00229
0.0011
-4.32E-05
-0.00111
-0.00207
-0.00294
-0.00369
-0.00434
-0.00487
-0.0053
-0.00564
-0.00589
-0.00608
-0.00622
-0.00632
-0.00641
-0.00648
-0.00655
-0.0066
-0.00663
-0.0066
-0.00648
-0.00626
-0.0059
-0.00539
-0.00469
-0.00382
-0.00277
-0.00155
-1.72E-04
0.00134
0.00298
0.0047
0.0065
0.00833
0.01017
0.01201
0.0138
0.01555
0.01721
0.01878
0.02024
0.02157
0.02275
0.02378
0.02465
0.02535
0.02589
0.02626
0.02648
0.02652
0.02639
0.02607
0.02553
0.02476
0.02372
0.02239
0.02074
0.01877
0.01645
0.01379
0.0108
0.0075
0.00392
7.99E-05
-0.00396
-0.00815
-0.01244
-0.01676
-0.02105
-0.02525
-0.0293
-0.03313
-0.0367
-0.03996
-0.04288
-0.04544
-0.0476
-0.04936
-0.05073
-0.05169
-0.05226
-0.05245
-0.05228
-0.05176
-0.0509
-0.04973
-0.04825
-0.04649
-0.04445
-0.04215
-0.0396
-0.03681
-0.03379
-0.03054
-0.02707
-0.02339
-0.01954
-0.01552
-0.01138
-0.00717
-0.00292
0.0013
0.00543
0.00943
0.01323
0.0168
0.02009
0.0231
0.0258
0.0282
0.03028
0.03207
0.03356
0.03479
0.03576
0.03649
0.03699
0.03728
0.03736
0.03726
0.03696
0.03649
0.03585
0.03502
0.03401
0.0328
0.03137
0.02969
0.02775
0.02552
0.023
0.02019
0.01709
0.01373
0.01014
0.00636
0.00245
-0.00154
-0.00554
-0.00949
-0.01333
-0.01702
-0.02049
-0.02371
-0.02666
-0.02931
-0.03165
-0.03369
-0.03544
-0.03691
-0.03812
-0.03907
-0.0398
-0.04032
-0.04064
-0.04078
-0.04075
-0.04055
-0.04017
-0.03961
-0.03886
-0.03788
-0.03666
-0.03519
-0.03345
-0.03141
-0.02908
-0.02644
-0.02351
-0.02028
-0.01679
-0.01306
-0.00912
-0.00502
-8.28E-04
0.00341
0.00761
0.01174
0.01573
0.01955
0.02316
0.02654
0.02968
0.03257
0.03522
0.03765
0.03986
0.04188
0.0437
0.04536
0.04685
0.04818
0.04935
0.05036
0.05118
0.0518
0.0522
0.05235
0.05223
0.05182
0.05109
0.05003
0.0486
0.04681
0.04466
0.04214
0.03927
0.03609
0.03262
0.02891
0.02501
0.02097
0.01684
0.01269
0.00856
0.0045
5.64E-04
-0.00323
-0.00685
-0.01027
-0.01349
-0.01649
-0.01927
-0.02184
-0.02419
-0.02633
-0.02825
-0.02995
-0.03141
-0.03264
-0.03361
-0.03432
-0.03475
-0.03489
-0.03474
-0.03431
-0.03358
-0.03256
-0.03127
-0.02972
-0.02792
-0.02591
-0.02371
-0.02137
-0.01892
-0.01641
-0.01388
-0.01136
-0.00888
-0.00646
-0.00414
-0.00191
2.01E-04
0.00221
0.00411
0.00593
0.00768
0.00938
0.01105
0.01271
0.01438
0.01605
0.01774
0.01942
0.02107
0.02268
0.0242
0.02562
0.0269
0.02801
0.02892
0.02961
0.03007
0.03027
0.03022
0.02992
0.02938
0.02863
0.02771
0.02664
0.02547
0.02423
0.02296
0.02169
0.02045
0.01925
0.01811
0.01703
0.01601
0.01505
0.01412
0.01321
0.01228
0.01131
0.01028
0.00916
0.00794
0.00661
0.00516
0.00362
0.00199
3.04E-04
-0.00141
-0.00311
-0.00475
-0.00629
-0.00768
-0.00889
-0.00989
-0.01065
-0.01115
-0.0114
-0.0114
-0.01117
-0.01072
-0.01008
-0.00928
-0.00834
-0.00731
-0.0062
-0.00504
-0.00386
-0.00267
-0.00148
-2.90E-04
8.99E-04
0.00209
0.00329
0.00451
0.00576
0.00704
0.00838
0.00977
0.0112
0.01269
0.0142
0.01573
0.01724
0.01872
0.02013
0.02144
0.02261
0.0236
0.0244
0.02497
0.0253
0.02539
0.02522
0.02482
0.02418
0.02334
0.02232
0.02114
0.01984
0.01844
0.01697
0.01543
0.01385
0.01223
0.01055
0.00883
0.00706
0.00522
0.00332
0.00134
-7.24E-04
-0.00287
-0.00509
-0.00737
-0.00972
-0.0121
-0.01449
-0.01686
-0.01918
-0.02142
-0.02354
-0.02551
-0.0273
-0.02888
-0.03023
-0.03133
-0.03217
-0.03274
-0.03306
-0.03314
-0.03299
-0.03265
-0.03214
-0.03148
-0.03073
-0.02989
-0.029
-0.02808
-0.02714
-0.02618
-0.02521
-0.02422
-0.02318
-0.0221
-0.02093
-0.01968
-0.01831
-0.01683
-0.01522
-0.01348
-0.01165
-0.00971
-0.00771
-0.00567
-0.00362
-0.0016
3.52E-04
0.00221
0.00393
0.00549
0.00688
0.00806
0.00904
0.00982
0.01041
0.01081
0.01104
0.01111
0.01105
0.01088
0.01061
0.01027
0.00988
0.00945
0.00901
0.00854
0.00807
0.00757
0.00704
0.00645
0.0058
0.00505
0.00419
0.0032
0.00207
8.05E-04
-5.94E-04
-0.0021
-0.0037
-0.00534
-0.007
-0.00863
-0.01019
-0.01165
-0.01298
-0.01415
-0.01516
-0.01599
-0.01664
-0.01711
-0.01741
-0.01756
-0.01756
-0.01745
-0.01723
-0.01695
-0.01661
-0.01626
-0.01591
-0.01558
-0.0153
-0.01508
-0.01491
-0.0148
-0.01471
-0.01465
-0.01458
-0.01448
-0.01433
-0.0141
-0.01379
-0.01337
-0.01284
-0.0122
-0.01147
-0.01065
-0.00977
-0.00886
-0.00793
-0.00702
-0.00615
-0.00534
-0.00461
-0.00397
-0.00343
-0.00299
-0.00265
-0.0024
-0.00221
-0.00209
-0.00199
-0.00191
-0.00182
-0.00171
-0.00157
-0.00139
-0.00116
-8.89E-04
-5.75E-04
-2.29E-04
1.39E-04
5.15E-04
8.83E-04
0.00122
0.00152
0.00175
0.00191
0.00196
0.00192
0.00176
0.0015
0.00115
7.16E-04
2.23E-04
-3.04E-04
-8.40E-04
-0.00136
-0.00184
-0.00226
-0.0026
-0.00285
-0.00302
-0.0031
-0.00312
-0.00307
-0.00298
-0.00286
-0.00274
-0.00264
-0.00256
-0.00253
-0.00254
-0.00262
-0.00275
-0.00294
-0.00318
-0.00344
-0.00373
-0.00403
-0.00431
-0.00457
-0.0048
-0.00497
-0.00509
-0.00514
-0.00512
-0.00502
-0.00486
-0.00463
-0.00435
-0.00402
-0.00367
-0.00332
-0.00298
-0.00267
-0.0024
-0.00218
-0.00202
-0.00191
-0.00186
-0.00184
-0.00184
-0.00184
-0.00184
-0.0018
-0.00171
-0.00157
-0.00136
-0.00109
-7.65E-04
-3.86E-04
3.03E-05
4.69E-04
9.12E-04
0.00134
0.00174
0.00208
0.00234
0.00253
0.00262
0.00262
0.00252
0.00233
0.00205
0.00171
0.00132
8.99E-04
4.72E-04
6.31E-05
-3.03E-04
-6.05E-04
-8.25E-04
-9.50E-04
-9.68E-04
-8.71E-04
-6.59E-04
-3.38E-04
8.02E-05
5.78E-04
0.00113
0.00172
0.00231
0.00288
0.00342
0.00389
0.00428
0.0046
0.00482
0.00496
0.00502
0.00501
0.00495
0.00485
0.00472
0.00458
0.00443
0.00429
0.00415
0.00402
0.0039
0.00379
0.00367
0.00355
0.00341
0.00326
0.00307
0.00285
0.00258
0.00226
0.00188
0.00144
9.61E-04
4.34E-04
-1.25E-04
-7.04E-04
-0.00129
-0.00186
-0.0024
-0.00288
-0.0033
-0.00363
-0.00386
-0.00399
-0.00402
-0.00395
-0.00379
-0.00356
-0.00327
-0.00295
-0.0026
-0.00226
-0.00193
-0.00163
-0.00136
-0.00113
-9.26E-04
-7.53E-04
-6.02E-04
-4.64E-04
-3.29E-04
-1.87E-04
-2.75E-05
1.61E-04
3.89E-04
6.69E-04
0.00101
0.00143
0.00192
0.0025
0.00316
0.00392
0.00476
0.00567
0.00664
0.00767
0.00872
0.0098
0.01087
0.01192
0.01293
0.01391
0.01483
0.01569
0.01649
0.01723
0.01789
0.01849
0.01902
0.01947
0.01985
0.02015
0.02035
0.02046
0.02047
0.02037
0.02017
0.01987
0.01947
0.01896
0.01836
0.01767
0.01689
0.01602
0.01509
0.01409
0.01302
0.0119
0.01073
0.00952
0.00827
0.00699
0.0057
0.00441
0.00311
0.00184
5.89E-04
-6.28E-04
-0.0018
-0.00294
-0.00401
-0.00504
-0.006
-0.0069
-0.00773
-0.00848
-0.00916
-0.00974
-0.01022
-0.0106
-0.01087
-0.01102
-0.01106
-0.01099
-0.0108
-0.01052
-0.01013
-0.00966
-0.00911
-0.0085
-0.00784
-0.00713
-0.00639
-0.00563
-0.00486
-0.0041
-0.00333
-0.00259
-0.00186
-0.00116
-4.94E-04
1.41E-04
7.39E-04
0.0013
0.00182
0.0023
0.00274
0.00314
0.0035
0.00382
0.0041
0.00435
0.00455
0.00471
0.00483
0.00491
0.00494
0.00492
0.00485
0.00473
0.00456
0.00434
0.00408
0.00378
0.00344
0.00307
0.00267
0.00226
0.00184
0.00141
9.74E-04
5.46E-04
1.26E-04
-2.85E-04
-6.83E-04
-0.00107
-0.00144
-0.00179
-0.00212
-0.00244
-0.00274
-0.00301
-0.00327
-0.0035
-0.00371
-0.0039
-0.00406
-0.0042
-0.00431
-0.00439
-0.00444
-0.00446
-0.00445
-0.0044
-0.00432
-0.0042
-0.00404
-0.00385
-0.00363
-0.00338
-0.0031
-0.00279
-0.00247
-0.00214
-0.00179
-0.00144
-0.0011
-7.55E-04
-4.21E-04
-9.88E-05
2.10E-04
5.02E-04
7.79E-04
0.00104
0.00128
0.0015
0.00171
0.00189
0.00206
0.0022
0.00232
0.00242
0.00249
0.00254
0.00256
0.00255
0.00251
0.00245
0.00235
0.00222
0.00206
0.00188
0.00166
0.00141
0.00114
