-0.001704643
-0.001689231
-0.00167381
-0.001658432
-0.001642984
-0.001627366
-0.001611151
-0.001594491
-0.00157782
-0.001561484
-0.001545178
-0.001528237
-0.001510414
-0.001492573
-0.001475231
-0.001458501
-0.001442782
-0.001428007
-0.001412272
-0.001394123
-0.001373953
-0.001354761
-0.001340568
-0.001334732
-0.001335039
-0.001332477
-0.001321857
-0.001306597
-0.00128818
-0.001265197
-0.001238804
-0.001212328
-0.001187727
-0.001162728
-0.001132881
-0.001102446
-0.001079876
-0.001067039
-0.001059881
-0.00105204
-0.001029696
-0.000979672
-0.000912177
-0.000850735
-0.000808468
-0.000790364
-0.000799161
-0.000834362
-0.00088921
-0.000948209
-0.000993993
-0.001017885
-0.001021751
-0.001014808
-0.001002511
-0.000982577
-0.000945007
-0.000884643
-0.000812459
-0.000754531
-0.000735231
-0.000742506
-0.00073669
-0.000685205
-0.000573811
-0.00040864
-0.000217466
-3.92849E-05
9.89674E-05
0.000195556
0.000278838
0.000385117
0.000535334
0.000719252
0.00090226
0.001039088
0.001109923
0.001146697
0.001180051
0.001200896
0.001201286
0.001186969
0.001149709
0.001080248
0.000993515
0.000899728
0.000786306
0.000635202
0.000453406
0.000295585
0.000180206
1.33877E-05
-0.000311441
-0.000824732
-0.001463367
-0.00209178
-0.002524039
-0.002644924
-0.002498737
-0.002195456
-0.001823973
-0.00144193
-0.001102346
-0.000882722
-0.0008096
-0.000814245
-0.000848337
-0.00091646
-0.000975448
-0.000973962
-0.000941493
-0.000883818
-0.000726222
-0.00048224
-0.000272421
-0.000168389
-0.000124737
-6.20366E-06
0.000237595
0.000504604
0.000684916
0.000674035
0.000247854
-0.000666104
-0.001744976
-0.002635175
-0.003220371
-0.003520925
-0.00360788
-0.003583855
-0.00353798
-0.003512409
-0.003472674
-0.003340068
-0.003062934
-0.002710162
-0.002494546
-0.002530314
-0.002704739
-0.002873628
-0.002967553
-0.00298761
-0.003029609
-0.003269563
-0.003766079
-0.004368419
-0.004709134
-0.004450937
-0.003573299
-0.002265864
-0.000740935
0.000800064
0.002178132
0.003240541
0.00390496
0.004211273
0.004324606
0.004473034
0.004824752
0.005442735
0.006299553
0.007238955
0.007989723
0.008373803
0.008395026
0.0081096
0.007601856
0.007019685
0.006418914
0.005694501
0.004782261
0.003758392
0.002791492
0.002010569
0.001382075
0.00072641
-0.000168182
-0.001354066
-0.002697971
-0.003952269
-0.004846468
-0.005172705
-0.004805613
-0.003762919
-0.002338498
-0.000894224
0.000447404
0.001660388
0.002662449
0.003451294
0.004122616
0.004714176
0.005198276
0.005542016
0.005675429
0.005488476
0.004838064
0.003622671
0.001889622
-5.4894E-05
-0.001723482
-0.00300043
-0.004212551
-0.005588586
-0.007079097
-0.008482407
-0.009654883
-0.01060298
-0.01126341
-0.011541172
-0.011565846
-0.011482052
-0.011178629
-0.010576222
-0.009816802
-0.00911991
-0.008677898
-0.008649839
-0.009056845
-0.009700422
-0.010159018
-0.009967718
-0.00887433
-0.007009937
-0.004905409
-0.003305129
-0.002769462
-0.003197736
-0.004149329
-0.005395112
-0.006758709
-0.007982193
-0.008921124
-0.009522972
-0.009701363
-0.00949247
-0.009089297
-0.00847082
-0.007420417
-0.005808393
-0.003724013
-0.001428121
0.000913867
0.003290293
0.005722425
0.008085104
0.010125738
0.011826576
0.013331587
0.014501374
0.014908178
0.014160323
0.012405923
0.010210452
0.007974551
0.005999761
0.004664558
0.004151817
0.004377832
0.005300089
0.006983335
0.009457509
0.01247849
0.015594269
0.018499182
0.020961143
0.022628163
0.023144064
0.022391346
0.020641002
0.018404675
0.016166668
0.014318567
0.013124083
0.012743388
0.013197076
0.014349248
0.01602456
0.018053069
0.020083573
0.021652298
0.02237819
0.021960539
0.020210621
0.017089082
0.012866491
0.008243752
0.003888936
1.80905E-05
-0.003493247
-0.006751134
-0.009475079
-0.01135915
-0.012473649
-0.012948314
-0.012785901
-0.011922764
-0.010398323
-0.008451547
-0.006381756
-0.004477158
-0.003113067
-0.002491498
-0.002372092
-0.002293475
-0.001870169
-0.000953987
0.000395778
0.001993647
0.003471957
0.00440226
0.004640354
0.004350513
0.003768768
0.002785822
0.000980569
-0.001757995
-0.005084496
-0.008455334
-0.011401439
-0.013691014
-0.015227154
-0.015981127
-0.015975524
-0.015303127
-0.014125205
-0.012511725
-0.010360964
-0.007463266
-0.003902876
-0.000178864
0.003200739
0.006163047
0.009206573
0.012666473
0.016336454
0.019905002
0.023105517
0.025608601
0.027016012
0.027061283
0.025875068
0.023855165
0.021380072
0.018802762
0.016464577
0.014665557
0.013568314
0.013150439
0.01341713
0.01438533
0.015777142
0.017069966
0.017760695
0.017483718
0.01611064
0.013771627
0.010715304
0.007150297
0.00324016
-0.000814113
-0.004636029
-0.00777832
-0.009927468
-0.010927559
-0.010746478
-0.009370263
-0.006979951
-0.004040457
-0.000794508
0.002761528
0.006356297
0.009349354
0.011044567
0.01115949
0.009913349
0.007695153
0.004826971
0.001544048
-0.001699968
-0.004363287
-0.006238685
-0.0073974
-0.007980781
-0.00805346
-0.007632514
-0.006777423
-0.005595803
-0.00422983
-0.002910024
-0.001880104
-0.001247531
-0.000904759
-0.000578834
-1.13609E-05
0.000929339
0.002243341
0.003912692
0.005969775
0.008520147
0.01156988
0.014819901
0.017759933
0.019910336
0.020959036
0.020852696
0.019799222
0.018069877
0.015896279
0.013551551
0.011213994
0.008770971
0.006061391
0.003123847
0.000328657
-0.001749932
-0.002598421
-0.002069221
-0.000445118
0.001896737
0.004697009
0.007831233
0.01109033
0.014157118
0.016895093
0.019341903
0.021502077
0.023200988
0.024165557
0.024252064
0.023528861
0.022221851
0.020607789
0.018906144
0.017150421
0.015332755
0.013613652
0.012065477
0.01050547
0.008694908
0.006541233
0.004180929
0.001853054
-0.000239148
-0.001908801
-0.003115779
-0.004128263
-0.00519599
-0.006293188
-0.007260357
-0.007966281
-0.008369522
-0.008511003
-0.00846459
-0.008205945
-0.007600915
-0.006471669
-0.004706489
-0.002329489
0.000615668
0.004050923
0.007729352
0.011209646
0.013994302
0.015790522
0.01669317
0.017225319
0.018034737
0.019541025
0.021843038
0.024745106
0.0278311
0.030665868
0.032996388
0.034782096
0.036081934
0.036822842
0.036816567
0.035880235
0.033705023
0.02998278
0.024698939
0.018150153
0.010809475
0.003144824
-0.00449345
-0.011895781
-0.018837969
-0.02497706
-0.029960369
-0.033609328
-0.035920799
-0.037016249
-0.037077655
-0.036257412
-0.034707019
-0.032712888
-0.030623511
-0.028700647
-0.027142634
-0.026058838
-0.025320844
-0.024593383
-0.023495692
-0.021772354
-0.019369357
-0.016305437
-0.012645922
-0.008537717
-0.004165376
0.000283089
0.004551674
0.008257557
0.010919401
0.012282752
0.012518359
0.011922249
0.010632809
0.008532966
0.005750685
0.002882301
0.000578045
-0.000659612
-0.000423465
0.001370356
0.004336035
0.007754878
0.010757347
0.012516454
0.012630078
0.011248439
0.008559142
0.004736722
0.00014375
-0.004860856
-0.010081409
-0.015409647
-0.020524957
-0.024680562
-0.027007048
-0.026973207
-0.02454139
-0.020174494
-0.014696327
-0.008861802
-0.003102668
0.00244643
0.007839144
0.013171034
0.018262388
0.022674105
0.025977262
0.027922537
0.028490432
0.027799053
0.026068027
0.023610885
0.020824368
0.018124941
0.01580659
0.013956674
0.012483308
0.011142682
0.009612168
0.007649121
0.005221404
0.002531278
-0.000245488
-0.00315957
-0.006257801
-0.009430123
-0.012434519
-0.015039753
-0.017144684
-0.018691065
-0.019619441
-0.01986957
-0.01943975
-0.018462025
-0.017232423
-0.016025994
-0.014845203
-0.01378077
-0.013242772
-0.013531045
-0.014608879
-0.016207209
-0.017851751
-0.018984537
-0.019230498
-0.018490196
-0.016821809
-0.014322713
-0.011087372
-0.007159911
-0.002713614
0.001752702
0.005822804
0.009442808
0.012476495
0.014676852
0.015963333
0.016383136
0.016065729
0.01530864
0.014494673
0.013896837
0.01362591
0.01366504
0.01401445
0.014593595
0.015106426
0.015292348
0.01510925
0.014547451
0.013492699
0.011740383
0.00931641
0.006600488
0.004129182
0.002279647
0.001066918
0.000338189
-5.21199E-05
-0.000237675
-0.000388313
-0.000724884
-0.001419123
-0.00251001
-0.003920804
-0.005514899
-0.007157603
-0.008753983
-0.010264776
-0.0116896
-0.01300098
-0.014119647
-0.015139998
-0.016385556
-0.018249546
-0.020992742
-0.024585539
-0.028624674
-0.032515896
-0.035883373
-0.038467137
-0.039881495
-0.03991937
-0.038695729
-0.036169785
-0.032347365
-0.027725545
-0.023011167
-0.018688466
-0.014723825
-0.010789171
-0.006701651
-0.002700839
0.000734828
0.003451809
0.005571868
0.007163183
0.008329317
0.0092955
0.010267981
0.011205298
0.011723575
0.011480102
0.010428421
0.008654433
0.006289558
0.003535559
0.000683332
-0.002000352
-0.004567631
-0.007197517
-0.00983639
-0.012205725
-0.013986055
-0.014906363
-0.014802578
-0.013638528
-0.011438552
-0.008272909
-0.004257149
0.000291184
0.004804582
0.00907148
0.013372308
0.017803881
0.022270371
0.02682014
0.031425601
0.035819725
0.039541744
0.042299642
0.044253209
0.04558487
0.046260338
0.046209689
0.045306974
0.043295587
0.040072213
0.035800676
0.03051056
0.024175642
0.017003652
0.009360626
0.001619195
-0.005852745
-0.012739017
-0.018846284
-0.024161747
-0.02885349
-0.033165815
-0.037225567
-0.040866234
-0.043505354
-0.044410758
-0.043142744
-0.039853705
-0.03526595
-0.029939975
-0.023906934
-0.017164675
-0.009866644
-0.002049367
0.006297043
0.015010977
0.023689996
0.031870235
0.039461513
0.046721108
0.053852064
0.0607049
0.066724943
0.071228209
0.073746309
0.074071717
0.072279061
0.068697559
0.06369251
0.057538898
0.050466659
0.042714694
0.034425985
0.025786321
0.017257882
0.009355562
0.002343025
-0.003721952
-0.008863595
-0.01293415
-0.015785771
-0.017584612
-0.018656194
-0.01927588
-0.019636048
-0.019865402
-0.02004395
-0.020257594
-0.020636138
-0.021219586
-0.021889474
-0.02247644
-0.022803865
-0.022590512
-0.021577916
-0.019737121
-0.017316464
-0.014704193
-0.012043761
-0.009245927
-0.006294914
-0.003332493
-0.000574788
0.001891381
0.004142404
0.006118472
0.007634397
0.008589352
0.00895799
0.008718574
0.007735157
0.005849674
0.003156926
2.31833E-05
-0.003074027
-0.005744701
-0.007805101
-0.00911052
-0.009517078
-0.008940017
-0.00746562
-0.005429087
-0.003250043
-0.001229526
0.000594967
0.002375006
0.004209525
0.006074703
0.007893468
0.009751026
0.01191994
0.014548325
0.017551332
0.020747297
0.024012042
0.027332456
0.030533643
0.033254338
0.035402881
0.037167523
0.038619532
0.039706017
0.040369607
0.040384174
0.039442464
0.037713903
0.035781851
0.034182826
0.03320593
0.03286618
0.032992578
0.033323588
0.033524391
0.033263303
0.032303888
0.03062239
0.028453006
0.025986675
0.023231915
0.020230701
0.017156114
0.014276009
0.011875835
0.010171165
0.009295971
0.009326158
0.010558293
0.013280848
0.017105061
0.021251074
0.025241509
0.028974061
0.032532704
0.035945451
0.039076268
0.041455195
0.042497755
0.04185187
0.039465547
0.03556805
0.030581602
0.024990506
0.019110734
0.013129529
0.007319567
0.002060889
-0.002271064
-0.005410217
-0.007254642
-0.007631506
-0.006500176
-0.004402843
-0.001972464
0.00065586
0.003394863
0.005839052
0.007396504
0.007608333
0.00641479
0.004151212
0.001412175
-0.001227596
-0.003399995
-0.004904984
-0.005685895
-0.005846201
-0.005465908
-0.004375613
-0.002158827
0.001560904
0.006561515
0.012073142
0.017518365
0.022677467
0.027477007
0.031921556
0.036044732
0.03950499
0.041669893
0.042134697
0.040911281
0.038270816
0.034561124
0.030105145
0.025249353
0.020385852
0.015994126
0.012480058
0.009932241
0.008002116
0.005989922
0.003447081
0.000459553
-0.00280021
-0.006316832
-0.010197924
-0.014415405
-0.018531768
-0.021730131
-0.023125014
-0.022105964
-0.018617221
-0.013319193
-0.00716139
-0.000797502
0.005509655
0.011760419
0.018162973
0.024870383
0.031414843
0.036949464
0.040838445
0.042745173
0.042661355
0.040939518
0.038132541
0.034693349
0.030844483
0.026599616
0.021828157
0.016499651
0.011094207
0.006280795
0.002354477
-0.00085595
-0.003747366
-0.006392155
-0.008605846
-0.010339337
-0.011640901
-0.012572952
-0.013395055
-0.014506214
-0.016177739
-0.018468524
-0.021228192
-0.024055295
-0.026472321
-0.028374119
-0.029874535
-0.030879669
-0.031122828
-0.030388868
-0.028558337
-0.025591345
-0.021463441
-0.016400191
-0.011007409
-0.005773141
-0.000792489
0.004086646
0.009075334
0.014275964
0.019451269
0.024080395
0.027755575
0.030271658
0.031424032
0.031168771
0.029770548
0.027307804
0.02360842
0.01864333
0.012781374
0.006743918
0.00100748
-0.004449278
-0.009577699
-0.014122404
-0.017836153
-0.020559112
-0.022243164
-0.022809692
-0.022139961
-0.020091708
-0.016625668
-0.011932625
-0.006291238
4.71604E-05
0.006940507
0.014186499
0.021323148
0.027919624
0.033822681
0.038756911
0.042415059
0.044948398
0.046880002
0.048720169
0.050630035
0.05252735
0.054791309
0.058003702
0.062231537
0.066964068
0.071439096
0.075062507
0.077548783
0.078751582
0.078499906
0.076631949
0.073275902
0.068941839
0.06430321
0.059794789
0.05534755
0.050923395
0.046792375
0.043036067
0.039293655
0.034889893
0.029393595
0.022976654
0.016013735
0.008882824
0.002039961
-0.004183685
-0.009805888
-0.015056315
-0.020091439
-0.024584643
-0.027889593
-0.029439538
-0.028885762
-0.026309169
-0.022591633
-0.019038593
-0.016694962
-0.016025254
-0.016890812
-0.018778984
-0.021073668
-0.023267324
-0.025000815
-0.026061976
-0.026347044
-0.025959558
-0.025357598
-0.025234114
-0.026187926
-0.028266098
-0.031041028
-0.034065392
-0.036849511
-0.03876341
-0.039114142
-0.037536632
-0.03443988
-0.030612305
-0.026619113
-0.022800951
-0.019433475
-0.016939399
-0.015755516
-0.016072273
-0.017848882
-0.020811191
-0.024358516
-0.027868751
-0.031105123
-0.033860108
-0.035666434
-0.035650746
-0.033010955
-0.02760699
-0.019794157
-0.010183558
0.000273609
0.010685834
0.020983173
0.031422239
0.04192874
0.05229831
0.062218763
0.070689673
0.076555976
0.079412706
0.079736545
0.078519404
0.076561355
0.074135588
0.071029199
0.066978859
0.061948934
0.055942338
0.049062385
0.04172211
0.034432485
0.027496504
0.020703147
0.013704999
0.006665771
-8.18864E-05
-0.006467792
-0.012325579
-0.017435287
-0.021957289
-0.026269502
-0.030607375
-0.034951523
-0.039152017
-0.043184652
-0.047143555
-0.051077358
-0.054659757
-0.057275344
-0.058396119
-0.057844136
-0.055846867
-0.052806815
-0.049141272
-0.045397514
-0.042083824
-0.039355285
-0.037124718
-0.035248469
-0.033493015
-0.031517038
-0.028909518
-0.025570055
-0.022010583
-0.018870174
-0.016487056
-0.014956362
-0.014124981
-0.013526831
-0.012765799
-0.011771647
-0.010499912
-0.008786726
-0.006451477
-0.003457121
-3.43491E-05
0.003405486
0.006447376
0.008860346
0.010542919
0.011426271
0.011712571
0.011916355
0.01214916
0.012057006
0.011258726
0.009471045
0.006514721
0.002586431
-0.00162811
-0.004781028
-0.00533709
-0.002377381
0.00341454
0.009849522
0.014915865
0.017725106
0.018521302
0.018308734
0.018394702
0.02012082
0.024277164
0.030132038
0.035862306
0.03965873
0.0404783
0.038301295
0.033777187
0.027995597
0.022423102
0.018457588
0.016918669
0.017952556
0.021146504
0.025831815
0.031267379
0.036760987
0.041851422
0.046237703
0.048902371
0.048478579
0.044278085
0.036703615
0.027114845
0.01694805
0.007145725
-0.002027364
-0.010770278
-0.019401808
-0.027866062
-0.035701395
-0.042264457
-0.047011106
-0.049688997
-0.050583196
-0.050483915
-0.050144388
-0.049988856
-0.050148646
-0.050556078
-0.051042845
-0.051353238
-0.051233339
-0.050558768
-0.049320112
-0.047538213
-0.045271565
-0.042675699
-0.040108518
-0.037728246
-0.034843726
-0.030563449
-0.024619604
-0.017168552
-0.008626352
0.000133368
0.008221251
0.015335646
0.021618794
0.027302873
0.032199228
0.03583743
0.037829992
0.037570025
0.034250507
0.027747059
0.0187572
0.007974954
-0.003969795
-0.016236949
-0.027985736
-0.038717019
-0.048551863
-0.057776679
-0.066132844
-0.073044621
-0.078129901
-0.081213654
-0.082232906
-0.081030108
-0.077557748
-0.072207121
-0.065789507
-0.059196415
-0.052755046
-0.046364773
-0.040003411
-0.033830973
-0.028099136
-0.023268893
-0.019799782
-0.017819591
-0.017162523
-0.017498621
-0.018240873
-0.018524753
-0.017101879
-0.013108149
-0.00693486
0.000333386
0.007695691
0.014647874
0.021149642
0.027391621
0.033491223
0.039308222
0.044276516
0.047704951
0.049275514
0.049157632
0.047854881
0.045968547
0.044016325
0.042420661
0.041435698
0.041082052
0.041268288
0.04187204
0.042570591
0.042828766
0.041966614
0.039417363
0.035012481
0.028991094
0.021901934
0.014442859
0.0071494
0.000103343
-0.006779238
-0.013429747
-0.019436791
-0.024230101
-0.027333576
-0.028534582
-0.028019353
-0.026564207
-0.025410936
-0.026093127
-0.02985952
-0.037027006
-0.046813441
-0.057679191
-0.068284524
-0.077967421
-0.08677472
-0.095162036
-0.10359933
-0.111938687
-0.119408497
-0.124940429
-0.127750096
-0.127792004
-0.125572867
-0.121822834
-0.11717681
-0.112113493
-0.107051744
-0.102348124
-0.098201416
-0.09442718
-0.090683198
-0.086983814
-0.083608269
-0.080805998
-0.078844363
-0.077946354
-0.078092922
-0.078873049
-0.079549189
-0.079609251
-0.079026341
-0.077958905
-0.076587576
-0.075133102
-0.073986779
-0.073626634
-0.074259521
-0.075857873
-0.078521645
-0.082552263
-0.088297995
-0.096156412
-0.106251223
-0.11795873
-0.130172725
-0.14189435
-0.152726931
-0.162852221
-0.172439198
-0.18118173
-0.188215198
-0.192753425
-0.194692201
-0.194763244
-0.194159491
-0.193977738
-0.194810307
-0.196586379
-0.198491089
-0.198740524
-0.194177868
-0.181938773
-0.161293536
-0.132992253
-0.098445024
-0.059050968
-0.016524437
0.026755596
0.068509306
0.107054209
0.140278965
0.166128709
0.183671592
0.192406503
0.19211897
0.183168465
0.166979655
0.146046212
0.122232732
0.095761755
0.065978432
0.032649689
-0.002933219
-0.038112595
-0.070018687
-0.097309907
-0.120597849
-0.141207229
-0.159918173
-0.176400119
-0.189991269
-0.200478721
-0.207956375
-0.212820683
-0.215872837
-0.21796961
-0.219694585
-0.221122614
-0.221851868
-0.221184916
-0.218819435
-0.215222246
-0.210842912
-0.205856016
-0.200595706
-0.19558259
-0.191340636
-0.188533882
-0.187750842
-0.189006306
-0.191722743
-0.194977717
-0.197486853
-0.197896526
-0.195280938
-0.189502934
-0.181223862
-0.171227436
-0.159994818
-0.148101077
-0.136145032
-0.124097775
-0.111559941
-0.09832759
-0.084528689
-0.070513074
-0.056750031
-0.04382852
-0.032335711
-0.021927438
-0.011200211
0.000934588
0.01459234
0.02909015
0.043637355
0.05781276
0.071184283
0.083229075
0.093661172
0.102722835
0.111102533
0.118617613
0.123967791
0.12557466
0.122472305
0.11477592
0.103246132
0.088889646
0.072856592
0.056332738
0.040344506
0.025603223
0.012356932
0.000519899
-0.009916621
-0.017907129
-0.021821411
-0.02056449
-0.014104721
-0.003446072
0.010073588
0.02526392
0.041209795
0.056926405
0.07132749
0.083940849
0.094968629
0.104561658
0.111817668
0.114687844
0.111251117
0.10086205
0.084102656
0.062184474
0.036295511
0.007215737
-0.024434713
-0.057183683
-0.08907745
-0.118734599
-0.14534923
-0.168529375
-0.188026273
-0.203733919
-0.215602784
-0.223790195
-0.228901472
-0.23193368
-0.234042555
-0.236243315
-0.239129852
-0.242720094
-0.246682359
-0.25057515
-0.254004033
-0.256628361
-0.258167997
-0.25849968
-0.257820626
-0.256691112
-0.25587311
-0.256003094
-0.257332066
-0.259638158
-0.262659161
-0.26634353
-0.270944508
-0.276809467
-0.284081836
-0.292571123
-0.301806696
-0.311423256
-0.32159785
-0.333390518
-0.347639432
-0.363849308
-0.380455859
-0.39573792
-0.40875647
-0.418836938
-0.42472879
-0.424334356
-0.415490976
-0.395910485
-0.364293046
-0.321337882
-0.268387413
-0.206815431
-0.140291067
-0.074477804
-0.014405724
0.036754712
0.078079924
0.110726028
0.137260652
0.159675237
0.179017051
0.195900602
0.210528038
0.222815092
0.232973551
0.241498695
0.248585053
0.253972658
0.257222253
0.258040254
0.256529753
0.253051565
0.247888071
0.24095859
0.232189166
0.22179965
0.209809989
0.195800201
0.178970436
0.159033611
0.136941967
0.114216765
0.091990656
0.070102729
0.047953489
0.025779373
0.004247131
-0.016188653
-0.034961384
-0.05141442
-0.064996158
-0.075141842
-0.081366273
-0.083626422
-0.082548677
-0.079320821
-0.075362814
-0.071826134
-0.068639066
-0.064734846
-0.060211185
-0.056437173
-0.054771588
-0.055988057
-0.060067531
-0.06641343
-0.074237334
-0.083109849
-0.09277392
-0.102764744
-0.11239632
-0.121046069
-0.128454249
-0.134672181
-0.13973886
-0.143312742
-0.144655609
-0.142812753
-0.137185575
-0.128155511
-0.116876278
-0.104677299
-0.092069318
-0.078687038
-0.064056465
-0.048248194
-0.031982066
-0.015603793
0.00137294
0.01908913
0.036993614
0.054291096
0.070631628
0.086457828
0.102818082
0.120808288
0.141119154
0.163695995
0.187680023
0.21199663
0.235882498
0.258811192
0.280370574
0.300134835
0.31786866
0.333762541
0.348152644
0.361260838
0.37289887
0.382549047
0.389669021
0.394137775
0.39663436
0.399234036
0.404177903
0.411645248
0.420188321
0.428240594
0.435232826
0.44155721
0.447536465
0.45319076
0.458607499
0.463952522
0.469351332
0.47454172
0.478988062
0.482219728
0.48387366
0.483640586
0.481063321
0.47572502
0.467659301
0.457119408
0.444058277
0.428054582
0.408675791
0.385655211
0.359199026
0.330266425
0.30010346
0.2697881
0.240691899
0.214345751
0.191529785
0.172044092
0.155093981
0.140014515
0.126651733
0.11548097
0.107170747
0.102063952
0.100091112
0.100888271
0.10415333
0.109704758
0.117448431
0.127156428
0.13830859
0.150443698
0.163409582
0.177094635
0.191370218
0.206351075
0.222120576
0.238338744
0.254562067
0.270516458
0.285921779
0.300477724
0.314002762
0.326292955
0.337095057
0.346032563
0.352753622
0.356922068
0.358499803
0.357991073
0.356144407
0.353647821
0.351207263
0.349409901
0.348372272
0.34702313
0.343029489
0.33349585
0.316205763
0.290052126
0.254290894
0.20783177
0.150555081
0.084790674
0.016434054
-0.047263454
-0.10115429
-0.142988455
-0.173299781
-0.194795964
-0.211353883
-0.226333171
-0.241577133
-0.257215529
-0.273051142
-0.289384279
-0.306851412
-0.325764055
-0.345709845
-0.366462431
-0.388579847
-0.41234223
-0.437357388
-0.463118833
-0.489250059
-0.51541266
-0.541035157
-0.56520542
-0.586426396
-0.603788198
-0.618494296
-0.632261373
-0.645806582
-0.659235253
-0.672303107
-0.68384029
-0.692531275
-0.697844924
-0.699510061
-0.697221898
-0.69087062
-0.680559319
-0.666438148
-0.64816646
-0.624991245
-0.59566421
-0.558954992
-0.513615298
-0.456857199
-0.384487598
-0.295016163
-0.191821352
-0.082165673
0.024708128
0.119640451
0.196133228
0.252574211
0.292073599
0.320244226
0.342005307
0.360476453
0.377230916
0.392638479
0.406309189
0.417409357
0.425201662
0.429567325
0.430887333
0.429876597
0.427505513
0.424771371
0.42236667
0.420584996
0.419381525
0.418518702
0.417814996
0.417425045
0.417581922
0.418247529
0.419507027
0.421633831
0.424430724
0.427384493
0.430212762
0.432523336
0.433430981
0.431017316
0.423023313
0.407875718
0.384801352
0.353847279
0.315876322
0.272428116
0.224851804
0.174394334
0.122880858
0.073372493
0.029422505
-0.00700541
-0.036066246
-0.05889297
-0.076931136
-0.091742342
-0.104635166
-0.116561852
-0.128295355
-0.140808089
-0.155328176
-0.172137322
-0.190041246
-0.207214571
-0.222411022
-0.235848882
-0.248383354
-0.26043599
-0.270695746
-0.276728787
-0.276457614
-0.269131458
-0.255803636
-0.238957288
-0.221324761
-0.204329155
-0.188079611
-0.172134633
-0.156622411
-0.142408907
-0.130719105
-0.122549175
-0.118156171
-0.116916842
-0.117569002
-0.118728099
-0.11938631
-0.119176095
-0.118083335
-0.116255494
-0.114280636
-0.113175774
-0.114106503
-0.117818437
-0.124241205
-0.132805345
-0.142822614
-0.153836276
-0.165781339
-0.178815576
-0.192701432
-0.206704945
-0.219976291
-0.232256399
-0.244165604
-0.256287714
-0.268622728
-0.280715704
-0.291983955
-0.302046494
-0.310936937
-0.319004897
-0.32644759
-0.333052112
-0.338173026
-0.341088697
-0.341297119
-0.338123721
-0.331176311
-0.321127219
-0.309096994
-0.295780378
-0.280184563
-0.260666823
-0.236998566
-0.21030572
-0.182117165
-0.153346371
-0.124213192
-0.094713144
-0.064798493
-0.03445131
-0.004255132
0.024595848
0.050611882
0.07281177
0.091374802
0.107161558
0.121046293
0.133156077
0.143012659
0.150121876
0.154299959
0.155879262
0.155792083
0.155309799
0.155619071
0.157598634
0.161631045
0.167551808
0.174745739
0.182393268
0.189841116
0.19681766
0.203156611
0.208668821
0.213137799
0.216270632
0.21770516
0.216933774
0.213538955
0.207473194
0.198946257
0.188258227
0.175892958
0.162483784
0.148424243
0.133789188
0.118504886
0.102589938
0.086200998
0.069366975
0.052196788
0.035224041
0.01907649
0.004072079
-0.009843023
-0.022983153
-0.035725823
-0.048239902
-0.060409523
-0.071966651
-0.082689194
-0.092542639
-0.101676466
-0.11032644
-0.1185329
-0.126171913
-0.133161456
-0.139405609
-0.144777077
-0.149334802
-0.153301773
-0.156711831
-0.159083139
-0.159483623
-0.157049116
-0.151448383
-0.142927721
-0.132071609
-0.119389
-0.104272332
-0.085704819
-0.064546593
-0.042648133
-0.020848259
0.000685817
0.021833872
0.042411025
0.062217642
0.081056105
0.098774017
0.115368466
0.131107712
0.146231999
0.160605294
0.17409313
0.186855522
0.198873869
0.209824108
0.21926138
0.226996537
0.233302992
0.23859647
0.243047295
0.246267756
0.247520531
0.246126566
0.241317166
0.232507402
0.219680466
0.203245807
0.183790594
0.161677436
0.137100413
0.110357591
0.082220356
0.054015216
0.027234295
0.003047672
-0.017771856
-0.034854035
-0.048182978
-0.057523658
-0.062519743
-0.063177954
-0.060133195
-0.054538289
-0.047247767
-0.038600258
-0.029064602
-0.019283814
-0.00974874
-0.000927157
0.00670118
0.012715127
0.01695168
0.019624416
0.021050249
0.021491118
0.021277183
0.020671996
0.019587774
0.017907644
0.015765421
0.013246403
0.010394536
0.007555331
0.005223623
0.003701266
0.002896308
0.002489414
0.002355687
0.002442732
0.002504743
0.002250759
0.001525246
0.000371704
-0.000833714
-0.001360709
-0.000634702
0.001382992
0.004251524
0.007480926
0.010966083
0.014784245
0.0188812
0.02291704
0.026490923
0.029477412
0.031869114
0.033598795
0.034538264
0.034624323
0.033949303
0.032728128
0.031212472
0.029623084
0.028193934
0.02737414
0.027676689
0.029377459
0.032420649
0.036466955
0.041058745
0.045726956
0.05001687
0.053318234
0.054963202
0.054440577
0.051538577
0.046416991
0.039825916
0.032917053
0.026182547
0.019589948
0.013517172
0.008627092
0.005432897
0.004622224
0.006926052
0.012718937
0.021749046
0.033166935
0.046343259
0.060958144
0.076384084
0.092083886
0.108127472
0.124367379
0.14005732
0.154209643
0.166179582
0.176041318
0.184153204
0.190826303
0.196268142
0.200584501
0.203753865
0.205696226
0.206417412
0.206075644
0.204879121
0.202893282
0.200117904
0.19662515
0.192474857
0.187675317
0.182213084
0.17623607
0.170101507
0.163906658
0.157400969
0.150335005
0.142732746
0.134942682
0.127333027
0.119999251
0.112551404
0.104503614
0.095776994
0.086459397
0.076623433
0.066648521
0.057147826
0.048583014
0.040907022
0.033506238
0.025586639
0.016670176
0.007019058
-0.002687527
-0.011893809
-0.020536387
-0.028932825
-0.03738491
-0.046133268
-0.05548493
-0.065732808
-0.07695153
-0.088679431
-0.100269503
-0.11145685
-0.122339184
-0.133156749
-0.144234731
-0.155811581
-0.167827463
-0.179892873
-0.191477343
-0.202277652
-0.212110702
-0.220323662
-0.22616733
-0.229439336
-0.230248373
-0.228699773
-0.224392379
-0.216791016
-0.205861619
-0.192067649
-0.17620335
-0.159238447
-0.141932673
-0.12446666
-0.106786174
-0.088914746
-0.070647764
-0.051678421
-0.032101741
-0.012567237
0.005938893
0.022498851
0.036685238
0.048791885
0.059477225
0.069269488
0.078252937
0.086086702
0.09198707
0.09527454
0.096006931
0.094845145
0.092650212
0.089974786
0.087091163
0.084289788
0.081766085
0.079501454
0.077545198
0.076088707
0.075356988
0.075594096
0.077008006
0.079629869
0.083251935
0.087525488
0.092088144
0.096664918
0.101107899
0.105369126
0.109367921
0.112968248
0.11600718
0.118248504
0.119458474
0.119565598
0.118563379
0.116227032
0.112312278
0.106779002
0.099212825
0.089101878
0.076757003
0.062876526
0.047799525
0.031702601
0.014861675
-0.002446676
-0.020228079
-0.038839159
-0.058168871
-0.077367702
-0.095460103
-0.111792791
-0.126175499
-0.138592089
-0.149034495
-0.157288914
-0.163191747
-0.166986154
-0.169241373
-0.170616064
-0.17157503
-0.172392584
-0.173288575
-0.17440285
-0.175732271
-0.177081189
-0.178185155
-0.178875189
-0.179039462
-0.178571296
-0.177247254
-0.174761426
-0.170804092
-0.164853075
-0.156342722
-0.145049147
-0.131191977
-0.115277702
-0.097723166
-0.078865654
-0.059425232
-0.04021385
-0.021570655
-0.003670115
0.013229527
0.028700199
0.042257957
0.053523743
0.062296753
0.068689715
0.073177294
0.076503086
0.07946201
0.082496684
0.085610244
0.08872627
0.091930818
0.095473549
0.099425953
0.103523581
0.10731597
0.110313889
0.112050294
0.111883556
0.109151655
0.103486826
0.09507934
0.084685118
0.073030726
0.060553626
0.04770271
0.034891462
0.02228375
0.010090754
-0.001263716
-0.011073051
-0.018738577
-0.024193571
-0.027694617
-0.029624877
-0.03045498
-0.03067035
-0.030652645
-0.030549779
-0.030294966
-0.02976136
-0.028819425
-0.027328198
-0.025138419
-0.022218109
-0.018887318
-0.015665289
-0.012942308
-0.010952144
-0.009767879
-0.009280238
-0.009196018
-0.009125289
-0.008822471
-0.008275038
-0.007473284
-0.006221988
-0.004153812
-0.001224631
0.002213918
0.006117889
0.010760843
0.016319444
0.022845549
0.030277485
0.0384575
0.047296399
0.056963832
0.067675617
0.079408
0.091729119
0.104192101
0.116873365
0.13008196
0.143850158
0.157489269
0.170008053
0.180910556
0.19015218
0.197861789
0.203914103
0.208009713
0.209938628
0.209711605
0.207631416
0.204301365
0.200422021
0.196457739
0.192642043
0.189110293
0.185895659
0.182900653
0.179875841
0.176550945
0.172803153
0.168751692
0.164682751
0.160832542
0.157141674
0.153167755
0.148417968
0.142662151
0.135963727
0.128484056
0.120280958
0.111373033
0.101881975
0.092103607
0.082394714
0.073007418
0.06418488
0.056179671
0.049207384
0.043407866
0.038911323
0.035941193
0.034734361
0.035389658
0.037741469
0.041387514
0.045955772
0.051270989
0.057237246
0.063661583
0.070147551
0.076395065
0.08245119
0.088455096
0.094461917
0.100448343
0.106188248
0.1111989
0.114883716
0.116726125
0.116209327
0.112896757
0.106633555
0.097521691
0.085985852
0.072750588
0.058218623
0.041991042
0.024010025
0.005109439
-0.013775818
-0.031909902
-0.048580325
-0.063205519
-0.075581994
-0.085969492
-0.094839094
-0.102508138
-0.109121848
-0.114769869
-0.11930832
-0.122554329
-0.124615469
-0.125657132
-0.125692318
-0.124673962
-0.122521609
-0.118955795
-0.113547797
-0.105975344
-0.096337269
-0.085123477
-0.072475381
-0.058221985
-0.042398474
-0.025422142
-0.008006711
0.00926343
0.02608237
0.042019056
0.056686159
0.070204474
0.08275329
0.094240944
0.104930095
0.115521309
0.12615757
0.136491506
0.146369379
0.155910414
0.165264989
0.174218184
0.182315726
0.189566581
0.196352408
0.20290516
0.209193911
0.215083522
0.220557408
0.225712387
0.23038508
0.234253219
0.23714872
0.238943841
0.239461535
0.238668186
0.236743081
0.2339305
0.230461277
0.226557281
0.222269833
0.21751265
0.212542786
0.207897883
0.203709491
0.199817148
0.196273745
0.193336784
0.191233287
0.190013232
0.189528258
0.189523328
0.189778813
0.190234429
0.190993041
0.19219315
0.193718891
0.195220876
0.196387369
0.197072921
0.19731765
0.197341405
0.197450771
0.197791642
0.198299924
0.198832409
0.199262476
0.199525133
0.199619035
0.199574661
0.199338449
0.1986585
0.196876825
0.193437185
0.188529176
0.182759912
0.176706029
0.170739548
0.164997402
0.159358346
0.153686346
0.148072839
0.142799306
0.138164487
0.134512615
0.132196662
0.131618907
0.132963791
0.135915319
0.139885204
0.144286948
0.148599273
0.152483996
0.155944478
0.159165611
0.162291049
0.165460413
0.168811306
0.172226742
0.175423671
0.178272333
0.180719391
0.182655029
0.184149842
0.185521171
0.186994919
0.188571084
0.190049314
0.191133334
0.191550403
0.191104424
0.189733319
0.187554521
0.184772644
0.181524394
0.177754863
0.173253614
0.167775918
0.161164448
0.153281379
0.144136347
0.13405924
0.123560359
0.113049376
0.10245099
0.091364044
0.079684327
0.067645362
0.055574125
0.04386124
0.032934309
0.023204125
0.014852957
0.007538007
0.000660721
-0.006200877
-0.01306763
-0.019642166
-0.025510665
-0.030428311
-0.034510923
-0.038121335
-0.041628657
-0.045211279
-0.04881452
-0.052199477
-0.055101926
-0.057410035
-0.059177142
-0.060558332
-0.061653333
-0.062513243
-0.063374274
-0.064501099
-0.065848448
-0.067295303
-0.068864745
-0.070483491
-0.071905469
-0.072915309
-0.073343807
-0.073005849
-0.071856838
-0.070095781
-0.067849527
-0.065071683
-0.061619493
-0.057347732
-0.052201046
-0.046395252
-0.040414429
-0.034728758
-0.029564143
-0.024822424
-0.020320166
-0.016056406
-0.012130133
-0.00860495
-0.005556852
-0.003050003
-0.001057203
0.000478526
0.00156697
0.002139294
0.002134527
0.001671345
0.000945063
-6.8551E-05
-0.001580863
-0.003809825
-0.006834526
-0.010571672
-0.014930163
-0.019917552
-0.025642442
-0.032015458
-0.038572244
-0.044880717
-0.050784671
-0.056350218
-0.061740064
-0.067126772
-0.072621277
-0.078237249
-0.083713377
-0.088666208
-0.092858634
-0.096151258
-0.098451747
-0.099886499
-0.100749547
-0.101175804
-0.101195078
-0.100954832
-0.100738117
-0.100847035
-0.101453701
-0.102601368
-0.104290261
-0.10648116
-0.109089352
-0.112180726
-0.115864422
-0.119962945
-0.124156044
-0.128277202
-0.132312751
-0.136343594
-0.140555517
-0.145103829
-0.14992197
-0.154739887
-0.15924405
-0.16333473
-0.16710807
-0.170626821
-0.173776015
-0.176286495
-0.177864453
-0.178387974
-0.178071307
-0.177345863
-0.176613695
-0.17612917
-0.175968034
-0.176072694
-0.176314284
-0.176573356
-0.176834892
-0.177158283
-0.17726227
-0.176632297
-0.175138827
-0.173120941
-0.171129724
-0.169712452
-0.169174588
-0.169222099
-0.169290453
-0.16921941
-0.169196775
-0.169436797
-0.169956732
-0.170590067
-0.171116501
-0.171287049
-0.170830313
-0.169572832
-0.167533431
-0.164872797
-0.161649647
-0.15757712
-0.152427072
-0.146395599
-0.139916131
-0.133409097
-0.127140068
-0.12119824
-0.115516827
-0.109874186
-0.104005865
-0.097853598
-0.091601153
-0.085568336
-0.080100724
-0.075438564
-0.071621522
-0.06856511
-0.066255656
-0.064649236
-0.06354034
-0.062827894
-0.062610059
-0.063082707
-0.064376494
-0.066465871
-0.069332911
-0.073012797
-0.077380701
-0.082259127
-0.087725394
-0.093858613
-0.100438482
-0.107110013
-0.113616374
-0.119949723
-0.126217183
-0.132434667
-0.138470173
-0.144137019
-0.149332337
-0.154124705
-0.158749215
-0.163346383
-0.167787347
-0.171771799
-0.175031927
-0.177491086
-0.179210458
-0.180289099
-0.180853857
-0.181071467
-0.181101274
-0.181023284
-0.180775418
-0.180243829
-0.179374058
-0.178191206
-0.176745248
-0.175013102
-0.172936498
-0.170532246
-0.167963946
-0.16546736
-0.163112413
-0.160804752
-0.158443305
-0.156117939
-0.154110586
-0.152665301
-0.151812114
-0.151343724
-0.151132164
-0.151368376
-0.152401075
-0.15439924
-0.156996227
-0.159664928
-0.16229329
-0.165073375
-0.168177074
-0.171465889
-0.174665731
-0.177751054
-0.180768247
-0.183588447
-0.185950118
-0.187717225
-0.18921316
-0.190909672
-0.192938092
-0.19515185
-0.197352387
-0.19949824
-0.2016423
-0.203749831
-0.205726033
-0.207527429
-0.209259351
-0.21106254
-0.212822252
-0.214212406
-0.214927541
-0.214916335
-0.214390798
-0.213549489
-0.212446643
-0.211024441
-0.209276831
-0.207315869
-0.205095163
-0.20234735
-0.19869615
-0.193933589
-0.188243884
-0.182121647
-0.176134996
-0.170665592
-0.165838487
-0.161585103
-0.157849413
-0.154658759
-0.152040482
-0.149979567
-0.148500665
-0.147734657
-0.147871588
-0.148903839
-0.150587801
-0.152686367
-0.155004337
-0.157314239
-0.159499759
-0.161642923
-0.163998543
-0.166835552
-0.170252333
-0.174049653
-0.177807529
-0.181384773
-0.184969413
-0.188515505
-0.191783253
-0.194676289
-0.197124018
-0.198944464
-0.199781515
-0.199372514
-0.197920954
-0.195802666
-0.193150772
-0.189695893
-0.185007287
-0.178876534
-0.171434961
-0.163056609
-0.154195076
-0.145219022
-0.136266052
-0.127263777
-0.118088714
-0.108770892
-0.099564005
-0.090586383
-0.081682268
-0.072619708
-0.063245859
-0.053561842
-0.04388141
-0.034721586
-0.026200252
-0.018013872
-0.009988134
-0.002251319
0.004849516
0.010865054
0.015457718
0.018610991
0.020616731
0.021908523
0.022767111
0.023228777
0.023325369
0.023164458
0.022769352
0.022097224
0.021157777
0.020177856
0.019520922
0.019356134
0.019632798
0.020293743
0.021361515
0.022875356
0.024643584
0.026309393
0.027699996
0.028920275
0.030198823
0.031432548
0.032143201
0.032004477
0.030997551
0.029233357
0.026879305
0.024136199
0.021105918
0.017842316
0.014568943
0.011443101
0.008257692
0.004806241
0.001171506
-0.002332985
-0.005414699
-0.008076454
-0.01072317
-0.013973393
-0.018036552
-0.022676122
-0.02788018
-0.033721832
-0.039893373
-0.045904675
-0.051403214
-0.056279176
-0.060590828
-0.064391958
-0.067544961
-0.069729585
-0.070711635
-0.07048887
-0.069099612
-0.066708807
-0.063786412
-0.060822109
-0.058055696
-0.055503755
-0.053100175
-0.050847421
-0.048800177
-0.046989144
-0.045477746
-0.044357644
-0.043655732
-0.043225664
-0.042694748
-0.041728834
-0.040263603
-0.038351944
-0.036056386
-0.033477552
-0.030841122
-0.028514188
-0.02674596
-0.025521647
-0.02485223
-0.024851782
-0.025644683
-0.027321474
-0.029906807
-0.033394183
-0.037708076
-0.042610931
-0.04783247
-0.053254811
-0.058633003
-0.063484984
-0.067584853
-0.071072677
-0.074063425
-0.076631501
-0.078967624
-0.081304867
-0.083786213
-0.086345997
-0.088785659
-0.090946976
-0.092774144
-0.09428599
-0.095385026
-0.09589779
-0.095850951
-0.095468843
-0.094998436
-0.094542596
-0.094034315
-0.09334809
-0.092339819
-0.090762981
-0.088501487
-0.085770707
-0.082706899
-0.079213248
-0.075351385
-0.071194144
-0.066372866
-0.060615032
-0.05423081
-0.04763346
-0.041079587
-0.034961608
-0.029653339
-0.02518212
-0.0213703
-0.017987181
-0.014635436
-0.010956267
-0.007062692
-0.00325522
0.00035902
0.003607723
0.006163765
0.007835872
0.008802772
0.009666021
0.010896901
0.012464236
0.014147751
0.015797357
0.017350282
0.018859506
0.020470857
0.022179405
0.023770451
0.025118921
0.026237678
0.027106105
0.027617299
0.027651364
0.02725088
0.026637715
0.026032393
0.025426176
0.024451522
0.022674329
0.019902873
0.016224466
0.011875858
0.007055207
0.001891343
-0.003531862
-0.009322842
-0.015725463
-0.022876028
-0.03062889
-0.038536163
-0.0461754
-0.05337471
-0.059980352
-0.065765976
-0.070475648
-0.073973108
-0.076375343
-0.077899515
-0.078742617
-0.078995413
-0.078694434
-0.077917444
-0.076786585
-0.075455372
-0.074146121
-0.072991058
-0.071737611
-0.070059251
-0.067976821
-0.065824693
-0.06395203
-0.062261344
-0.060456138
-0.05858213
-0.056850208
-0.055328949
-0.053865959
-0.05227545
-0.050642585
-0.049231364
-0.048248866
-0.047838745
-0.048091541
-0.049074711
-0.05069413
-0.052573068
-0.054383653
-0.056103025
-0.057781833
-0.059350827
-0.0605413
-0.061109194
-0.061090145
-0.060714312
-0.060229787
-0.059711868
-0.059132096
-0.05854179
-0.058046283
-0.057728943
-0.057703619
-0.058088191
-0.058912244
-0.060103837
-0.061532762
-0.063062089
-0.064555334
-0.065709276
-0.066094969
-0.065294897
-0.062969531
-0.058972081
-0.053439478
-0.046745312
-0.039268778
-0.031364643
-0.023337471
-0.015022273
-0.005771236
0.004959397
0.017213844
0.030463496
0.044072576
0.057687035
0.071048249
0.083874736
0.095937457
0.10715349
0.117638477
0.127554448
0.137024216
0.146156922
0.155186538
0.164597365
0.174826194
0.185907537
0.197495593
0.209078718
0.220274581
0.23107758
0.241922263
0.252975368
0.263826774
0.274030503
0.283422953
0.291970508
0.299572319
0.306013241
0.311273102
0.315596184
0.319155051
0.321956426
0.323966693
0.325206021
0.325779743
0.325665447
0.324753319
0.323038877
0.320591596
0.317465262
0.313473863
0.308321574
0.301981502
0.294608283
0.286226569
0.27673551
0.266094767
0.25442536
0.242032077
0.229369862
0.216868334
0.204810991
0.193520778
0.1833863
0.174788095
0.168027817
0.163307836
0.16067544
0.159920638
0.160668941
0.162499023
0.165122903
0.168479399
0.172707906
0.178012142
0.184486231
0.192016103
0.200316465
0.209040395
0.217886689
0.226628996
0.234977094
0.242623727
0.249463564
0.255604178
0.261278644
0.266659525
0.27176475
0.276356764
0.280072508
0.282658738
0.284012362
0.284166998
0.283033001
0.280440049
0.276302978
0.270579209
0.263179096
0.253965934
0.242865766
0.229645517
0.214239971
0.19722823
0.179362405
0.161029982
0.142338984
0.123357988
0.104379681
0.08593229
0.068657443
0.053118328
0.039558777
0.027692152
0.016891417
0.006585047
-0.003592438
-0.013784939
-0.023717785
-0.032846458
-0.040685154
-0.046994522
-0.051833057
-0.055577487
-0.058786518
-0.06177256
-0.06453987
-0.067014493
-0.069151157
-0.070956139
-0.072396046
-0.07338482
-0.073792251
-0.073538783
-0.072669684
-0.07126698
-0.069415831
-0.067412736
-0.065647422
-0.064279006
-0.063286647
-0.062630453
-0.062260896
-0.062075332
-0.061875426
-0.061584756
-0.061487716
-0.061920921
-0.062961239
-0.064468379
-0.06621442
-0.067989371
-0.069657422
-0.07114484
-0.072278164
-0.072807288
-0.072593263
-0.071591715
-0.069746394
-0.067187282
-0.064301417
-0.061303722
-0.058140857
-0.054733489
-0.051117698
-0.04740554
-0.043395316
-0.038631185
-0.033094324
-0.027180957
-0.021232607
-0.015414398
-0.009771824
-0.004369809
0.000675669
0.005204439
0.008998397
0.011808378
0.013438667
0.013884354
0.013467353
0.012782271
0.012508543
0.013014942
0.014158127
0.015628288
0.017218864
0.018905382
0.020661059
0.022324875
0.02401742
0.026206751
0.02909665
0.032499088
0.036095157
0.039606512
0.042875156
0.045870611
0.048626043
0.051106493
0.053136033
0.054461868
0.055070774
0.055267767
0.055237064
0.054990095
0.05460597
0.054223639
0.053960758
0.053956499
0.054290872
0.054756796
0.055033796
0.055002869
0.054733265
0.054367965
0.054038524
0.053825171
0.053763317
0.053960085
0.054638466
0.055998366
0.058056816
0.06055004
0.063080914
0.065360561
0.067354019
0.069208754
0.070902353
0.072255977
0.073159365
0.073623048
0.073723001
0.073370925
0.072413079
0.070901008
0.068989798
0.066795089
0.06447824
0.062185595
0.05981608
0.057238815
0.054570785
0.052052237
0.049906159
0.04843286
0.047888497
0.048312065
0.049688325
0.052001588
0.055047019
0.05850145
0.062165873
0.065973502
0.069894979
0.07381399
0.077598088
0.081257804
0.084788657
0.088047889
0.091062616
0.094095273
0.097416583
0.101223315
0.105615871
0.110412498
0.11520016
0.119708581
0.123860891
0.127626835
0.131014034
0.134067532
0.136654434
0.138465019
0.139152588
0.138528218
0.136694774
0.133864489
0.130139332
0.125277714
0.119127912
0.112020935
0.104189635
0.095502908
0.08572073
0.074728359
0.062727044
0.050492879
0.03905184
0.028494466
0.018268685
0.008252739
-0.001299905
-0.010162335
-0.018191076
-0.025442536
-0.032290665
-0.03903929
-0.045631485
-0.052029826
-0.058330006
-0.064463897
-0.070292102
-0.07582717
-0.08111527
-0.086200102
-0.091310482
-0.096578636
-0.101669294
-0.106228588
-0.110260551
-0.113990414
-0.117588948
-0.120991386
-0.124152458
-0.127245624
-0.130414091
-0.133691252
-0.137140529
-0.140845963
-0.144814055
-0.148895546
-0.15284683
-0.15648167
-0.159681961
-0.162365902
-0.164522064
-0.166200424
-0.167290943
-0.167513709
-0.166589031
-0.164567335
-0.161876446
-0.158825636
-0.155483708
-0.151869934
-0.148087854
-0.144303308
-0.140464752
-0.136446684
-0.132446097
-0.128707718
-0.125232668
-0.122145105
-0.119741973
-0.118201665
-0.117548608
-0.117710864
-0.118534692
-0.119797552
-0.121277127
-0.122799506
-0.124244791
-0.125391562
-0.125950716
-0.125740053
-0.12458006
-0.122097817
-0.117964557
-0.112172658
-0.105044391
-0.097148099
-0.089155216
-0.081391597
-0.073653527
-0.065552623
-0.056856483
-0.047650941
-0.038283143
-0.029192344
-0.020781922
-0.013251893
-0.006443521
2.51503E-05
0.006467792
0.012705648
0.018199346
0.022629283
0.025944094
0.028177799
0.02953456
0.030366009
0.030842915
0.031139636
0.031765127
0.033201897
0.035508437
0.038241906
0.040923382
0.043616512
0.046574988
0.049818757
0.053195198
0.056497907
0.05949605
0.062090796
0.064409214
0.066667346
0.068941615
0.070933728
0.07225396
0.072810874
0.07277031
0.072325227
0.071368054
0.069788526
0.067874627
0.066015186
0.064401594
0.063039454
0.06183307
0.060673749
0.059555888
0.058604317
0.058039335
0.057965603
0.058155649
0.058297734
0.058256498
0.058052782
0.05777511
0.057516039
0.057336751
0.057258088
0.057263018
0.057283188
0.057165979
0.05686231
0.056574553
0.056499027
0.056676074
0.05713169
0.057853772
0.05868522
0.059417836
0.0599306
0.060313828
0.060787596
0.061513713
0.062475369
0.063451592
0.064008954
0.063773862
0.062831031
0.061591703
0.060472946
0.05973047
0.059396994
0.0592632
0.0590745
0.058749764
0.058347935
0.057963586
0.057676053
0.057570273
0.057787436
0.058515569
0.059887347
0.061802366
0.064009626
0.066346421
0.068699128
0.070935521
0.073051568
0.075185095
0.077470793
0.079917178
0.082359753
0.084511881
0.086105079
0.087037825
0.087387661
0.087348665
0.087139347
0.086900894
0.086482032
0.08556856
0.083954519
0.081483707
0.078018966
0.073548196
0.068095824
0.061434154
0.053358574
0.044065405
0.034066065
0.02395086
0.014149499
0.0048001
-0.004260331
-0.013231925
-0.022222658
-0.031343576
-0.040570409
-0.049517329
-0.057644902
-0.064603966
-0.070523383
-0.075766661
-0.080444285
-0.084508519
-0.087985362
-0.090807803
-0.092873873
-0.094294058
-0.095354099
-0.096325616
-0.097304304
-0.098235033
-0.099133938
-0.100093801
-0.101177821
-0.102312714
-0.103299471
-0.103865348
-0.103847419
-0.103346534
-0.102554753
-0.101580323
-0.100474788
-0.099307847
-0.098239291
-0.097436753
-0.096941022
-0.096502438
-0.095767133
-0.094705748
-0.093564804
-0.092618388
-0.092119519
-0.092216783
-0.092795659
-0.093563236
-0.09423198
-0.094542596
-0.094282181
-0.093287132
-0.091504785
-0.089055711
-0.08616783
-0.08307063
-0.079835154
-0.076445938
-0.072970216
-0.069458861
-0.065868842
-0.062218987
-0.058546721
-0.054674996
-0.050271907
-0.045075693
-0.039119745
-0.032775191
-0.026661022
-0.021349391
-0.017055062
-0.013524613
-0.010230442
-0.006798489
-0.003137271
0.00062487
0.004210355
0.007322256
0.009814516
0.011772879
0.013516074
0.015479816
0.018043903
0.021366154
0.025325999
0.029568625
0.033770239
0.037836491
0.041926947
0.046264372
0.050878125
0.055568523
0.060035259
0.06404638
0.067504845
0.070356421
0.0725462
0.074015017
0.07460846
0.07418534
0.072858833
0.070803072
0.067965391
0.064223203
0.059598917
0.0542837
0.048648902
0.043207063
0.038252215
0.033682388
0.029288936
0.025013589
0.021042181
0.017491449
0.014212025
0.011131185
0.008275262
0.005485182
0.00261812
-0.000234677
-0.002963653
-0.005488745
-0.007490787
-0.008578998
-0.008624784
-0.007863863
-0.006765276
-0.005767404
-0.005134136
-0.004921299
-0.005036267
-0.005313827
-0.005608599
-0.005925401
-0.006498204
-0.007531284
-0.009017424
-0.0109034
-0.013114648
-0.015448821
-0.017667555
-0.019621324
-0.021286438
-0.022775851
-0.024341708
-0.026159016
-0.028162335
-0.030184479
-0.032154855
-0.034273815
-0.036857579
-0.040078936
-0.04392063
-0.048245953
-0.052969519
-0.058058161
-0.063432094
-0.068817906
-0.073811973
-0.078127659
-0.081665012
-0.084413945
-0.086307002
-0.087203218
-0.086865036
-0.085131769
-0.082117938
-0.078158587
-0.073674146
-0.069031483
-0.064470396
-0.060101372
-0.056054169
-0.05255895
-0.049875456
-0.048141293
-0.047297519
-0.047240147
-0.047963574
-0.049462198
-0.051654442
-0.054488088
-0.058034181
-0.062405895
-0.06724936
-0.071860199
-0.076467228
-0.081884191
-0.088299116
-0.095243388
-0.102057453
-0.108340377
-0.113883513
-0.118324253
-0.121331137
-0.122868532
-0.122907079
-0.121379769
-0.118340389
-0.114081851
-0.109020775
-0.102905709
-0.095063428
-0.085580886
-0.075106657
-0.064158883
-0.053209093
-0.042716262
-0.032802084
-0.023272703
-0.013832181
-0.004240721
0.005564763
0.015217853
0.024245564
0.032603075
0.040657588
0.048858445
0.057217524
0.06544505
0.073452949
0.081229342
0.088661502
0.095726794
0.102497157
0.108880482
0.114643919
0.119588682
0.123672414
0.12697602
0.129483811
0.131081267
0.131728272
0.131685243
0.131429085
0.131175169
0.130847296
0.130319965
0.129598555
0.128834116
0.128194282
0.127776317
0.127579548
0.127471079
0.127205957
0.126486788
0.125124423
0.12322016
0.121067584
0.118957812
0.11707103
0.115409927
0.113669488
0.111425923
0.10844907
0.104828125
0.100902614
0.097036044
0.093425632
0.090028125
0.086791304
0.083813554
0.081129165
0.078618909
0.076130839
0.073612963
0.071149098
0.068782945
0.066437634
0.064007833
0.061427655
0.058689254
0.055827146
0.052912595
0.05010629
0.047523198
0.044990307
0.042189156
0.038904151
0.035096522
0.030901631
0.026617321
0.022508264
0.018628404
0.014957213
0.011506726
0.008282388
0.005298722
0.002639837
0.000461987
-0.001093957
-0.001992636
-0.002263421
-0.001821351
-0.000498826
0.001790323
0.004883626
0.008376268
0.011767254
0.014706546
0.017171039
0.019278032
0.021144129
0.022970827
0.024999246
0.027342316
0.029842936
0.032153734
0.034254765
0.036418547
0.038736741
0.04120464
0.043926905
0.046860953
0.049794329
0.052711344
0.055746242
0.058894091
0.061892907
0.064358341
0.066148308
0.067413409
0.068392321
0.069096699
0.069254696
0.068671562
0.067256756
0.064606655
0.060360667
0.05464519
0.047506838
0.03883266
0.029114578
0.019197756
0.009567054
0.000509472
-0.00769401
-0.014931284
-0.02137671
-0.02745213
-0.033617172
-0.040117707
-0.046688388
-0.052744513
-0.057822845
-0.061517523
-0.063422458
-0.06339534
-0.06171093
-0.058906865
-0.055516529
-0.051840901
-0.047818351
-0.043163362
-0.037685217
-0.03150135
-0.025073427
-0.018924745
-0.013376566
-0.008485723
-0.004109214
-3.37611E-05
0.003790059
0.007225575
0.010232773
0.012903559
0.01529181
0.017480333
0.019661215
0.022112934
0.024965854
0.027906401
0.030472685
0.032449559
0.033788392
0.034495684
0.034568968
0.034038499
0.033006921
0.031544379
0.029661183
0.027401257
0.024960027
0.022714893
0.020934631
0.019568232
0.018197172
0.016435891
0.014395011
0.012481784
0.011039502
0.010217937
0.01005344
0.010629672
0.011939326
0.013751883
0.01574552
0.017618677
0.019120303
0.020235049
0.021273776
0.022621888
0.024515841
0.026990688
0.029983005
0.033420404
0.03713794
0.040899179
0.04461806
0.048359576
0.052203735
0.056112438
0.059915136
0.06334626
0.066185286
0.068356015
0.069714122
0.070004568
0.069104767
0.067145149
0.064460087
0.061575119
0.059064639
0.057112641
0.055474172
0.053781918
0.05168761
0.048963777
0.045742868
0.04243097
0.039300826
0.036349521
0.033365497
0.030113212
0.026487561
0.022612475
0.018684992
0.014792493
0.011081903
0.007810704
0.00515137
0.003103856
0.001532547
0.000324516
-0.000556745
-0.001121213
-0.001307018
-0.000927768
2.76917E-05
0.001262407
0.002398739
0.003130212
0.003242737
0.002668836
0.001480484
-0.000362874
-0.002975934
-0.006342806
-0.010313094
-0.014660649
-0.019168756
-0.023678118
-0.028090396
-0.032224777
-0.035809416
-0.038669508
-0.040873854
-0.042737777
-0.044646298
-0.046862073
-0.049469145
-0.05235994
-0.055288161
-0.058200022
-0.061346751
-0.06474269
-0.068180761
-0.071724389
-0.075513192
-0.079444082
-0.083296532
-0.086896636
-0.090188139
-0.093211831
-0.096067889
-0.09885649
-0.101584581
-0.104032983
-0.105977137
-0.107415699
-0.10843159
-0.109152776
-0.109910491
-0.111034627
-0.112576056
-0.114288256
-0.115806601
-0.116870452
-0.117404506
-0.117497511
-0.11731912
-0.116989902
-0.116389512
-0.115335074
-0.113833089
-0.111952806
-0.109730083
-0.107202122
-0.104376319
-0.10122085
-0.097882284
-0.094677286
-0.091773493
-0.089179868
-0.08688924
-0.084800759
-0.082703313
-0.080416495
-0.077912962
-0.075355643
-0.072962148
-0.070850135
-0.068921669
-0.067001494
-0.065057788
-0.063245635
-0.06179004
-0.060830626
-0.060362236
-0.060255559
-0.060253318
-0.060046913
-0.059427473
-0.058352641
-0.056904442
-0.055156609
-0.053133119
-0.050956339
-0.048832
-0.046893001
-0.045045214
-0.042998865
-0.040731096
-0.038476549
-0.036109051
-0.033392614
-0.030555157
-0.027928812
-0.025547419
-0.023160424
-0.020514671
-0.017677147
-0.014928146
-0.012529654
-0.010777405
-0.009941766
-0.01008755
-0.011050528
-0.012554104
-0.014456686
-0.016793571
-0.019440265
-0.022149508
-0.024913636
-0.027913349
-0.03128105
-0.034954885
-0.038751532
-0.042696541
-0.046985782
-0.051717416
-0.056644923
-0.061211837
-0.064932511
-0.067597851
-0.069197548
-0.069762305
-0.069298398
-0.067870593
-0.065617615
-0.062440856
-0.058119567
-0.052611839
-0.045959134
-0.038217478
-0.029616585
-0.02052303
-0.011193443
-0.001788543
0.007522319
0.016608927
0.025382923
0.03353089
0.040701514
0.046881123
0.05221001
0.056792836
0.060824799
0.064585813
0.068220205
0.071733801
0.075070799
0.078031068
0.080303768
0.08160764
0.081873882
0.081349689
0.080248412
0.078492286
0.075746491
0.071664999
0.066094297
0.059248409
0.051738483
0.04417746
0.036885368
0.029913082
0.023151684
0.016476298
0.010049563
0.004355287
-0.000356259
-0.004289958
-0.007843962
-0.011340795
-0.014875884
-0.018391632
-0.021797589
-0.025030398
-0.028036161
-0.030723912
-0.033079084
-0.035242866
-0.037323952
-0.039344527
-0.041373171
-0.043375594
-0.045001064
-0.045765727
-0.045367484
-0.043905166
-0.041719645
-0.039024274
-0.035947244
-0.032686892
-0.029448054
-0.026380436
-0.023636882
-0.021332695
-0.019493065
-0.018269761
-0.017965106
-0.018773134
-0.020702565
-0.023728319
-0.027655622
-0.032022181
-0.036492952
-0.041041264
-0.045760797
-0.050638103
-0.055443693
-0.060034363
-0.064532923
-0.069065547
-0.073636047
-0.078198926
-0.08270802
-0.087152793
-0.091630959
-0.096295361
-0.101144205
-0.106034509
-0.110792364
-0.115093707
-0.118486957
-0.1206857
-0.121695092
-0.121664613
-0.120709232
-0.11884374
-0.116094583
-0.11256485
-0.108237958
-0.103077602
-0.097266878
-0.091126039
-0.084935001
-0.078771527
-0.0726029
-0.066572324
-0.060981452
-0.056099439
-0.05203117
-0.048691259
-0.045965857
-0.043709518
-0.041673255
-0.039724842
-0.037998523
-0.036787657
-0.036283857
-0.036296856
-0.036503485
-0.036810964
-0.037296386
-0.038055895
-0.039226422
-0.040885284
-0.042887258
-0.044900663
-0.046590676
-0.047939594
-0.049184973
-0.050383514
-0.051348531
-0.051824541
-0.051649511
-0.050856834
-0.049712753
-0.048505472
-0.047256955
-0.045932017
-0.044660417
-0.04353785
-0.04254056
-0.041681547
-0.040971118
-0.040308425
-0.039625337
-0.038958162
-0.038283815
-0.037536184
-0.036779364
-0.036214831
-0.036066246
-0.036368347
-0.036940275
-0.037551199
-0.038076961
-0.038578295
-0.039203338
-0.040060559
-0.041182229
-0.042562075
-0.044248951
-0.046304712
-0.048719721
-0.051415092
-0.054259272
-0.057028599
-0.05953258
-0.061790489
-0.063896002
-0.065873325
-0.067703631
-0.069355546
-0.070737408
-0.071852131
-0.07292136
-0.074013448
-0.074915715
-0.075664691
-0.076527514
-0.077531527
-0.078428415
-0.07889434
-0.07872043
-0.077875087
-0.076386101
-0.074313307
-0.071793863
-0.069001452
-0.0660999
-0.063201261
-0.060358426
-0.057572514
-0.054817754
-0.05207039
-0.049396757
-0.046922583
-0.04463442
-0.042381666
-0.040036803
-0.03766684
-0.035561102
-0.034003762
-0.033128837
-0.032976442
-0.033455813
-0.034298691
-0.035329597
-0.036592008
-0.038104751
-0.039765182
-0.041450041
-0.043070132
-0.044592063
-0.046025247
-0.047405764
-0.048761406
-0.050028524
-0.050959701
-0.051354134
-0.051259336
-0.050879917
-0.050383514
-0.049683842
-0.04859915
-0.047121144
-0.045311008
-0.04317905
-0.040635401
-0.037614174
-0.034234595
-0.030674608
-0.027012427
-0.023338367
-0.019811346
-0.016650252
-0.013982178
-0.011690609
-0.009520529
-0.007259281
-0.004888601
-0.002523075
-0.000177113
0.002284376
0.005058454
0.008205451
0.011603004
0.015165367
0.018898233
0.022788625
0.026674693
0.030252609
0.033439453
0.036417875
0.039243678
0.041848957
0.044263966
0.046473915
0.048325512
0.049753092
0.050879021
0.051888188
0.05289377
0.05383929
0.054527308
0.054745367
0.054477107
0.053868648
0.052929852
0.051636065
0.050185176
0.048745942
0.047245077
0.045506656
0.043417279
0.040973583
0.038307122
0.035659935
0.033197863
0.030932335
0.029052052
0.027929036
0.027877267
0.028944031
0.030827899
0.033137353
0.035640662
0.038428366
0.041750124
0.045662188
0.05000544
0.054550839
0.059100945
0.063536978
0.067823082
0.071957015
0.075878716
0.079551654
0.083072871
0.086458725
0.089547184
0.092166358
0.094236686
0.095710434
0.096591634
0.096972845
0.096936315
0.096523056
0.095867086
0.095127972
0.094234445
0.093023579
0.09148484
0.089664394
0.08758286
0.085358569
0.083194114
0.081240996
0.079552103
0.078100318
0.076886538
0.075949758
0.075211092
0.074514558
0.073820713
0.073140091
0.072417561
0.071644157
0.070906163
0.070198424
0.06937975
0.068242391
0.066734579
0.065094991
0.0635818
0.062287565
0.061272122
0.060595086
0.060244802
0.060143504
0.060182724
0.060262507
0.060316741
0.060318758
0.060274385
0.060206479
0.060140815
0.060095769
0.060077392
0.060098234
0.060267213
0.060738068
0.061573998
0.062668328
0.063784619
0.064795131
0.065703001
0.066460941
0.066919022
0.066919918
0.066492316
0.065815952
0.0649603
0.063694079
0.061571085
0.058360037
0.05412391
0.048972293
0.043224768
0.037466934
0.031951811
0.026589307
0.021474332
0.016848186
0.012882246
0.009876573
0.008121052
0.007556429
0.007957048
0.009151196
0.010893248
0.01284724
0.014769925
0.016757467
0.019220705
0.022340114
0.025836745
0.029156935
0.032050419
0.034813247
0.037537977
0.039962399
0.041931877
0.043497062
0.044798917
0.045889212
0.04672559
0.047280935
0.047578105
0.047667749
0.047509975
0.046967405
0.045884057
0.04431596
0.042584486
0.040866459
0.039154034
0.037567111
0.036240604
0.035119158
0.03394639
0.03245942
0.030619253
0.02850343
0.02615162
0.023587353
0.020892274
0.018259609
0.015894621
0.013892937
0.012232663
0.010851205
0.009746006
0.008878252
0.008101868
0.007359279
0.006795889
0.006758216
0.007575792
0.009333487
0.011875992
0.014869474
0.017895968
0.020737705
0.02349995
0.026221094
0.028766087
0.031010549
0.032921535
0.034555297
0.036013581
0.03740239
0.038779994
0.040025374
0.040870492
0.041294284
0.041575543
0.042008971
0.042702368
0.043535609
0.044310581
0.044875338
0.045195143
0.045456455
0.0460118
0.046970991
0.048189029
0.049645071
0.051445571
0.053645659
0.05621396
0.059080999
0.062241846
0.065619408
0.068937357
0.071863113
0.074171221
0.075745594
0.076599229
0.076887211
0.07683701
0.076667807
0.076532444
0.076500621
0.076569871
0.076696717
0.076826701
0.076907605
0.076810789
0.076283906
0.075251432
0.073934785
0.072436834
0.070668606
0.0685613
0.066197164
0.063799635
0.061589462
0.059724867
0.058327093
0.057376866
0.056689969
0.056229423
0.056099215
0.056265729
0.056501269
0.056514267
0.056194686
0.055657494
0.055080859
0.054546805
0.053993254
0.053397345
0.052839311
0.052407899
0.052144794
0.052049996
0.052173704
0.052562087
0.053006049
0.0531506
0.052764683
0.051811767
0.050414665
0.048767232
0.04705817
0.045391912
0.043638251
0.041512792
0.03900388
0.036337195
0.033642945
0.030854568
0.027842978
0.02483206
0.022256611
0.020300287
0.018869502
0.017750924
0.016830056
0.01610627
0.015613318
0.015495391
0.015981441
0.01702734
0.018322001
0.019634815
0.020894761
0.022115197
0.023339936
0.02461064
0.025942525
0.027266791
0.02842051
0.029253078
0.029686507
0.029651546
0.0291659
0.028431491
0.027708512
0.027134342
0.026537089
0.025675386
0.024587556
0.023436976
0.022278439
0.021000967
0.019483048
0.017966585
0.016840455
0.016150061
0.015660314
0.015097036
0.014279975
0.013170586
0.011932602
0.010793407
0.009820074
0.00898215
0.008301326
0.007820475
0.00754482
0.007434558
0.00742723
0.007459815
0.007487963
0.007480164
0.0073604
0.007009444
0.006431688
0.005797771
0.005391482
0.005428549
0.005865497
0.006484735
0.007072867
0.007576285
0.008086292
0.008628235
0.009158995
0.009723909
0.010378041
0.011067247
0.011751141
0.012490704
0.013371971
0.014439385
0.015676405
0.01698319
0.018164676
0.01903624
0.01953986
0.019817577
0.020098454
0.020371913
0.020501023
0.020556266
0.02063643
0.020632978
0.020351295
0.019677329
0.018614308
0.017224915
0.015523024
0.013543079
0.011455495
0.009539937
0.00806926
0.007175845
0.006816866
0.00683977
0.007145994
0.007824958
0.008969846
0.010491373
0.012197725
0.01390616
0.015509196
0.017014857
0.018572197
0.020309341
0.022191507
0.024088912
0.025870362
0.027361142
0.028371878
0.028747934
0.028484829
0.027802862
0.026943625
0.02601312
0.025021657
0.023949739
0.022781902
0.021518773
0.020168152
0.018682796
0.016960488
0.015007011
0.012954029
0.01085674
0.008741433
0.006796674
0.005152154
0.003674149
0.0022675
0.001013284
-7.18122E-05
-0.001051668
-0.001899045
-0.002471261
-0.002601222
-0.002285698
-0.001717039
-0.001128318
-0.000646918
-0.000216796
0.000252848
0.000754244
0.001303179
0.001991195
0.002891041
0.003973022
0.005060695
0.005942837
0.00648664
0.00659289
0.006233283
0.00567274
0.005298185
0.005273779
0.005538655
0.005936024
0.006311588
0.006564563
0.006668191
0.00669551
0.006825539
0.00717728
0.007718192
0.008502711
0.009712434
0.011466499
0.013747266
0.016404157
0.019109143
0.021440066
0.023272255
0.024797772
0.026104333
0.027123137
0.027806672
0.028175333
0.028280441
0.028013526
0.027152047
0.02557745
0.023343746
0.02063327
0.017672911
0.014629946
0.011420444
0.007828992
0.003913723
-3.65788E-05
-0.003779951
-0.007346595
-0.011023926
-0.015021511
-0.019305284
-0.023626573
-0.027684532
-0.03131758
-0.034594068
-0.03772735
-0.040661846
-0.035069629
-0.037206742
-0.038872552
-0.040266964
-0.041431216
-0.042206188
-0.042428729
-0.042065223
-0.041215846
-0.040053387
-0.038746378
-0.037346139
-0.035776472
-0.033944821
-0.03181869
-0.029442451
-0.026956399
-0.024578368
-0.022422654
-0.020445869
-0.018716009
-0.017390174
-0.016452565
-0.015783933
-0.015301715
-0.014819139
-0.014062835
-0.01314506
-0.012408724
-0.011936659
-0.011650851
-0.011491644
-0.011326475
-0.011018727
-0.010587203
-0.010079639
-0.009480167
-0.008858867
-0.008366587
-0.008094876
-0.007976389
-0.007806312
-0.007393434
-0.006649545
-0.005600038
-0.004340787
-0.00299077
-0.001647442
-0.000368896
0.000842891
0.002091688
0.003544367
0.005208787
0.006891046
0.008312397
0.00932943
0.010017784
0.010456861
0.010664857
0.010670056
0.010520463
0.010275847
0.00998242
0.009626107
0.009087952
0.008235482
0.007056081
0.005823655
0.004818253
0.003923516
0.002937701
0.001882152
0.000883256
-4.39466E-05
-0.001103065
-0.002415749
-0.00384705
-0.005272502
-0.006683162
-0.008098596
-0.009465017
-0.010648788
-0.011538841
-0.012065477
-0.012167828
-0.011897798
-0.011446239
-0.010927873
-0.010379834
-0.009896944
-0.009593029
-0.009517548
-0.009654009
-0.009982196
-0.010542448
-0.011316703
-0.012164489
-0.012924715
-0.013500476
-0.013876152
-0.014098581
-0.014240734
-0.014366751
-0.01447327
-0.014449672
-0.014162049
-0.013556078
-0.01265966
-0.011518223
-0.010121906
-0.008515059
-0.006851737
-0.00529749
-0.003945636
-0.002816525
-0.00193759
-0.001324811
-0.000685346
0.000330495
0.001642289
0.002891938
0.003734569
0.003821681
0.002987902
0.001476195
-0.000382997
-0.002429823
-0.004524736
-0.006470325
-0.008072465
-0.009287701
-0.010271118
-0.011233133
-0.012289027
-0.01338228
-0.014375939
-0.015165569
-0.015725619
-0.01613973
-0.016599335
-0.017293515
-0.018308577
-0.019625895
-0.021199394
-0.023030888
-0.025131695
-0.027469387
-0.029973816
-0.03256027
-0.035189304
-0.038056791
-0.041463039
-0.045333195
-0.049315854
-0.053190043
-0.057108383
-0.061405244
-0.066065387
-0.070760043
-0.075179941
-0.079235435
-0.083022446
-0.086619187
-0.09004314
-0.093296545
-0.096314858
-0.098945013
-0.100943178
-0.102161216
-0.102684513
-0.102539065
-0.101661899
-0.100140864
-0.098164662
-0.095868431
-0.09326629
-0.090311848
-0.087001519
-0.083396261
-0.079590201
-0.07561449
-0.071500503
-0.06743313
-0.063610038
-0.060071789
-0.05681816
-0.053882319
-0.051340912
-0.04929546
-0.047814541
-0.046874848
-0.046356033
-0.046090911
-0.045921932
-0.045738386
-0.045488727
-0.045170491
-0.04482581
-0.044609544
-0.044750509
-0.045325351
-0.046217309
-0.047256507
-0.048397675
-0.049740766
-0.051314691
-0.052997309
-0.054585128
-0.05595444
-0.057113313
-0.058004598
-0.058544928
-0.058775313
-0.058723992
-0.058331799
-0.057553465
-0.056418796
-0.055022143
-0.053481162
-0.051885947
-0.050223723
-0.048418966
-0.046435368
-0.04434218
-0.042274542
-0.040279514
-0.038280677
-0.036146702
-0.033820216
-0.031373159
-0.028926102
-0.026579222
-0.024384737
-0.022383883
-0.020627196
-0.019139465
-0.017919208
-0.017042781
-0.016581585
-0.016468634
-0.016587726
-0.016864367
-0.017254229
-0.01772179
-0.01822904
-0.018696511
-0.019009257
-0.019164162
-0.019276799
-0.019398469
-0.019517605
-0.019654716
-0.019810898
-0.019937476
-0.020029383
-0.02012194
-0.020195919
-0.020194126
-0.02008559
-0.019920107
-0.019804242
-0.019820557
-0.019969703
-0.020154997
-0.020252597
-0.020193992
-0.020022615
-0.019839114
-0.019677844
-0.019509717
-0.019290604
-0.018952333
-0.018439816
-0.017837453
-0.017255865
-0.016633915
-0.015852174
-0.014883862
-0.013779852
-0.012604126
-0.011366097
-0.010040599
-0.008617455
-0.007112646
-0.0055599
-0.003997741
-0.002457971
-0.000964957
0.000439737
0.001700784
0.002826094
0.003888667
0.004964686
0.00609754
0.00728613
0.008468198
0.009538794
0.010381111
0.010951785
0.011364708
0.011802372
0.012390661
0.013130493
0.013938118
0.014750001
0.015506036
0.016114316
0.016585283
0.017062906
0.017656596
0.018364066
0.019095718
0.019764194
0.020345468
0.020829299
0.021197086
0.021445601
0.021592707
0.021673163
0.02174806
0.021884566
0.022087116
0.022302307
0.022466803
0.022499523
0.022314364
0.021921656
0.021422675
0.020867913
0.020231373
0.01946299
0.018553238
0.017556531
0.016548372
0.015578939
0.014646082
0.013746302
0.012917902
0.012165139
0.011433577
0.010688164
0.009925742
0.009134813
0.008302155
0.007433191
0.006570121
0.00577899
0.005127547
0.004644388
0.004292625
0.004018158
0.003785644
0.003556536
0.003290428
0.002970175
0.002614983
0.00227512
0.001998891
0.001808604
0.001698194
0.001643423
0.001614625
0.001587279
0.001547222
0.001491109
0.001423285
0.001351563
0.00128329
0.0012231
0.001172239
0.001129301
0.001091561
0.001056239
0.001021453
0.000986469
0.0009516
0.000917683
0.000882962
0.000832017
0.000750865
0.000648729
0.000539738
0.000427203
0.000320027
0.000235419
0.000184263
0.000160867
0.000144631
0.000130638
0.000137428
0.000173852
0.000226613
0.000268907
0.000282444
0.000272576
0.000257168
0.000253016
0.000269228
0.000306748
0.000361384
0.000432579
0.000522999
0.000619059
0.000698701
0.000763428
0.000832685
0.000923147
0.001040906
0.001181927
0.001336182
0.001492532
0.001642215
0.001780603
0.001906939
0.002023205
0.002132402
0.002237019
0.002335921
0.002423145
0.002496249
0.00256039
0.002618725
0.002669822
0.002712045
0.002743398
0.002760072
0.002756979
0.002733335
0.002706039
0.002697814
0.00271442
0.002745392
0.002775647
0.002800613
0.002826386
0.002858052
0.002896487
0.002940659
0.002987274
0.003032163
0.003075932
0.003123399
0.003179068
0.003243791
0.003314968
0.003392824
0.00348007
0.003572582
0.003664243
0.003757294
0.003858457
0.003972305
0.004099241
0.004236374
0.004379221
0.004523571
0.00466662
0.00480828
0.004950142
0.005092541
0.005234582
0.005376309
0.005517678
0.0056575
0.005794386
0.005927329
0.006054668
0.006176315
0.00629581
0.006416
0.006536818
0.006658196
0.006780627
0.006903193
0.007024392
0.007143439
0.007260671
0.007377253
0.007495337
0.007616423
0.007739504
0.007862832
0.007985443
0.008107605
0.008230059
0.008353364
0.008477387
0.008601476
0.008725028
0.008847863
0.00896998
0.009091448
0.009212378
0.009332702
0.009452019
0.009569878
0.009686012
0.009800442
0.009913371
0.010024776
0.010134635
0.010242992
0.010349893
0.010455269
0.010559055
0.010661159
0.010761516
0.010860124
0.010957074
0.011052366
0.011145976
0.011237839
0.011327909
0.011416208
0.011502827
0.011587876
0.011671425
0.011753382
0.011833703
0.011912388
0.011989504
0.012065051
0.01213912
0.012211687
0.012282819
0.012352517
0.012420804
0.012487678
0.012553118
0.012617146
0.012679785
0.012741012
0.012800872
0.01285932
0.012916356
0.012972002
0.013026237
0.013079037
0.013130426
0.013180402
0.013228944
0.013276052
0.013321703